W, K, empty_0, Slope, empty_1, empty_2, empty_3, empty_4, P_comp, D_comp, Deviation
0.0010979613592810471, 1921.8790148783564, 0, 0.0008171379058347926, 0, 0, 0, 0, 1.0, 0.01473531593126303, 16129.103640013593
0.008112898078185809, 1921.8790148783564, 0, 0.0008171379058347926, 0, 0, 0, 0, 1.0, 0.01473531593126303, 15720.740613816033
0.0599466590246216, 1921.8790148783564, 0, 0.0008171379058347926, 0, 0, 0, 0, 1.0, 0.01473531593126303, 11716.028704707816
0.0599466590246216, 5224.208802640607, 0, 0.0008171379058347926, 0, 0, 0, 0, 1.0, 0.01473531593126303, 8539.700493000222
0.04553381107557505, 5224.208802640607, 0, 0.0008171379058347926, 0, 0, 0, 0, 1.0, 0.01473531593126303, 7447.354426013384
0.04553381107557505, 7069.5961812244095, 0, 0.0008171379058347926, 0, 0, 0, 0, 1.0, 0.01473531593126303, 6137.058858542295
0.04553381107557505, 9860.662539701367, 0, 0.0008171379058347926, 0, 0, 0, 0, 1.0, 0.01473531593126303, 5457.271499966666
0.04349743738007583, 9860.662539701367, 0, 0.0008171379058347926, 0, 0, 0, 0, 1.0, 0.01473531593126303, 5316.526163847916
0.04349743738007583, 10369.634736783508, 0, 0.0008171379058347926, 0, 0, 0, 0, 1.0, 0.01473531593126303, 5232.747207922922
