W, K, empty_0, Slope, empty_1, empty_2, empty_3, empty_4, P_comp, D_comp, Deviation
0.3192309103132812, 3638.019270590526, 0, 2.2337957736719702e-06, 0, 0, 0, 0, 1.0, 0.07653366237591948, 16284.410915819906
0.04320320566512962, 3638.019270590526, 0, 2.2337957736719702e-06, 0, 0, 0, 0, 1.0, 0.07653366237591948, 11428.961673852533
0.04320320566512962, 26881.528479384164, 0, 2.2337957736719702e-06, 0, 0, 0, 0, 1.0, 0.07653366237591948, 7036.237339456168
0.04320320566512962, 26881.528479384164, 0, 2.2337957736719702e-06, 0, 0, 0, 0, 1.0, 0.010357704874780351, 6012.336971991521
0.04320320566512962, 9889.161674830058, 0, 2.2337957736719702e-06, 0, 0, 0, 0, 1.0, 0.010357704874780351, 5378.232406966677
0.04320320566512962, 9889.161674830058, 0, 6.71069336770047e-06, 0, 0, 0, 0, 1.0, 0.010357704874780351, 4849.779862390618
0.04320320566512962, 9889.161674830058, 0, 6.71069336770047e-06, 0, 0, 0, 0, 1.0, 0.034734404333208124, 4748.783268471281
0.04320320566512962, 13793.388416586818, 0, 6.71069336770047e-06, 0, 0, 0, 0, 1.0, 0.034734404333208124, 4350.528836701742
0.04320320566512962, 13793.388416586818, 0, 4.653768302898118e-06, 0, 0, 0, 0, 1.0, 0.034734404333208124, 4249.389070320189
