W, K, Conc_treshold, Max_effect, empty_1, empty_2, empty_3, empty_4, P_comp, D_comp, Deviation
0.45008375855405136, 9142.820905980252, 3.9780870301440237, 0.00020844022390634098, 0, 0, 0, 0, 1.0, 0.011863449733647615, 31009.40384778975
0.45008375855405136, 1237.3462568924613, 3.9780870301440237, 0.00020844022390634098, 0, 0, 0, 0, 1.0, 0.011863449733647615, 16871.774354367255
0.06091221294411175, 1237.3462568924613, 3.9780870301440237, 0.00020844022390634098, 0, 0, 0, 0, 1.0, 0.011863449733647615, 16315.918361538006
0.00824357159136023, 1237.3462568924613, 3.9780870301440237, 0.00020844022390634098, 0, 0, 0, 0, 1.0, 0.011863449733647615, 16024.872053709785
0.00824357159136023, 9142.820905980252, 3.9780870301440237, 0.00020844022390634098, 0, 0, 0, 0, 1.0, 0.011863449733647615, 16004.158654859039
0.00824357159136023, 9142.820905980252, 3.9780870301440237, 0.0015401765077176191, 0, 0, 0, 0, 1.0, 0.011863449733647615, 15979.350210080904
0.00824357159136023, 9142.820905980252, 3.9780870301440237, 0.011380450617780584, 0, 0, 0, 0, 1.0, 0.011863449733647615, 15834.526234396211
0.060912212944111754, 9142.820905980252, 3.9780870301440237, 0.011380450617780584, 0, 0, 0, 0, 1.0, 0.011863449733647615, 15401.359417989475
0.060912212944111754, 9142.820905980252, 3.9780870301440237, 0.08409078804589071, 0, 0, 0, 0, 1.0, 0.011863449733647615, 9396.249618798996
0.060912212944111754, 9142.820905980252, 3.9780870301440237, 0.030935272113988478, 0, 0, 0, 0, 1.0, 0.011863449733647615, 8597.988462284273
0.060912212944111754, 9142.820905980252, 3.9780870301440237, 0.05361865375011961, 0, 0, 0, 0, 1.0, 0.011863449733647615, 8156.8838761697325
0.060912212944111754, 4992.660684102714, 3.9780870301440237, 0.05361865375011961, 0, 0, 0, 0, 1.0, 0.011863449733647615, 7485.470061603753
0.060912212944111754, 6963.7559089895485, 3.9780870301440237, 0.05361865375011961, 0, 0, 0, 0, 1.0, 0.011863449733647615, 7006.74748055187
0.050725117167405395, 6963.7559089895485, 3.9780870301440237, 0.05361865375011961, 0, 0, 0, 0, 1.0, 0.011863449733647615, 6551.504084574887
0.050725117167405395, 8516.732184838957, 3.9780870301440237, 0.05361865375011961, 0, 0, 0, 0, 1.0, 0.011863449733647615, 6109.927185476947
0.050725117167405395, 8516.732184838957, 3.9780870301440237, 0.06690957963683809, 0, 0, 0, 0, 1.0, 0.011863449733647615, 5771.7415705567455
0.050725117167405395, 8516.732184838957, 3.9780870301440237, 0.08536462499541338, 0, 0, 0, 0, 1.0, 0.011863449733647615, 5726.890921338569
0.050725117167405395, 8516.732184838957, 3.9780870301440237, 0.07466097160523011, 0, 0, 0, 0, 1.0, 0.011863449733647615, 5718.526470739703
0.04889026333701345, 8516.732184838957, 3.9780870301440237, 0.07466097160523011, 0, 0, 0, 0, 1.0, 0.011863449733647615, 5631.849911309374
0.04889026333701345, 8868.981343482494, 3.9780870301440237, 0.07466097160523011, 0, 0, 0, 0, 1.0, 0.011863449733647615, 5581.548810880854
0.04889026333701345, 9273.305490497249, 3.9780870301440237, 0.07466097160523011, 0, 0, 0, 0, 1.0, 0.011863449733647615, 5552.206924025351
0.04889026333701345, 9273.305490497249, 3.9780870301440237, 0.0784134470010988, 0, 0, 0, 0, 1.0, 0.011863449733647615, 5527.713123729623
0.04889026333701345, 9273.305490497249, 3.9780870301440237, 0.08275936402226305, 0, 0, 0, 0, 1.0, 0.011863449733647615, 5513.023482489798
0.04746109425684033, 9273.305490497249, 3.9780870301440237, 0.08275936402226305, 0, 0, 0, 0, 1.0, 0.011863449733647615, 5445.114222168119
0.04746109425684033, 9580.929829156195, 3.9780870301440237, 0.08275936402226305, 0, 0, 0, 0, 1.0, 0.011863449733647615, 5413.084603017275
0.04746109425684033, 9931.116145892905, 3.9780870301440237, 0.08275936402226305, 0, 0, 0, 0, 1.0, 0.011863449733647615, 5393.902695797907
0.04746109425684033, 9931.116145892905, 3.9780870301440237, 0.08609275119424332, 0, 0, 0, 0, 1.0, 0.011863449733647615, 5377.333074608818
0.04746109425684033, 9931.116145892905, 3.9780870301440237, 0.08991475648721363, 0, 0, 0, 0, 1.0, 0.011863449733647615, 5365.810881466293
0.04746109425684033, 9931.116145892905, 3.9780870301440237, 0.0943152232413421, 0, 0, 0, 0, 1.0, 0.011863449733647615, 5360.284180958728
0.04623009581023321, 9931.116145892905, 3.9780870301440237, 0.0943152232413421, 0, 0, 0, 0, 1.0, 0.011863449733647615, 5298.981595285448
0.04623009581023321, 10222.38679898944, 3.9780870301440237, 0.0943152232413421, 0, 0, 0, 0, 1.0, 0.011863449733647615, 5274.174021567517
0.04623009581023321, 10552.66092462627, 3.9780870301440237, 0.0943152232413421, 0, 0, 0, 0, 1.0, 0.011863449733647615, 5258.731872226364
0.04623009581023321, 10552.66092462627, 3.9780870301440237, 0.09767253019254939, 0, 0, 0, 0, 1.0, 0.011863449733647615, 5249.045049258932
0.04623009581023321, 10552.66092462627, 3.9780870301440237, 0.10150376312451233, 0, 0, 0, 0, 1.0, 0.011863449733647615, 5242.366464875867
0.04526207454940717, 10552.66092462627, 3.9780870301440237, 0.10150376312451233, 0, 0, 0, 0, 1.0, 0.011863449733647615, 5213.747354307351
0.04526207454940717, 10801.18377601507, 3.9780870301440237, 0.10150376312451233, 0, 0, 0, 0, 1.0, 0.011863449733647615, 5193.386866865902
0.04526207454940717, 11081.324284280845, 3.9780870301440237, 0.10150376312451233, 0, 0, 0, 0, 1.0, 0.011863449733647615, 5177.977189319243
0.04526207454940717, 11397.877998194685, 3.9780870301440237, 0.10150376312451233, 0, 0, 0, 0, 1.0, 0.011863449733647615, 5169.642366467422
0.04526207454940717, 11397.877998194685, 3.9780870301440237, 0.10469783885692117, 0, 0, 0, 0, 1.0, 0.011863449733647615, 5162.002471368774
0.04526207454940717, 11397.877998194685, 3.9780870301440237, 0.10832753186147304, 0, 0, 0, 0, 1.0, 0.011863449733647615, 5156.328750528827
0.0444215628057703, 11397.877998194685, 3.9780870301440237, 0.10832753186147304, 0, 0, 0, 0, 1.0, 0.011863449733647615, 5132.193494140731
0.0444215628057703, 11635.329547583533, 3.9780870301440237, 0.10832753186147304, 0, 0, 0, 0, 1.0, 0.011863449733647615, 5117.633680666989
0.0444215628057703, 11902.243776979014, 3.9780870301440237, 0.10832753186147304, 0, 0, 0, 0, 1.0, 0.011863449733647615, 5106.638782200221
0.0444215628057703, 12202.926882658998, 3.9780870301440237, 0.10832753186147304, 0, 0, 0, 0, 1.0, 0.011863449733647615, 5100.68518705044
0.0444215628057703, 12202.926882658998, 3.9780870301440237, 0.11134161927491072, 0, 0, 0, 0, 1.0, 0.011863449733647615, 5093.8725031582135
0.0444215628057703, 12202.926882658998, 3.9780870301440237, 0.11475406701935402, 0, 0, 0, 0, 1.0, 0.011863449733647615, 5088.292550405603
0.04369009903851172, 12202.926882658998, 3.9780870301440237, 0.11475406701935402, 0, 0, 0, 0, 1.0, 0.011863449733647615, 5074.025314736166
0.04369009903851172, 12427.846880803645, 3.9780870301440237, 0.11475406701935402, 0, 0, 0, 0, 1.0, 0.011863449733647615, 5062.310319104241
0.04369009903851172, 12680.050028708152, 3.9780870301440237, 0.11475406701935402, 0, 0, 0, 0, 1.0, 0.011863449733647615, 5052.984351697051
0.04369009903851172, 12963.388827749748, 3.9780870301440237, 0.11475406701935402, 0, 0, 0, 0, 1.0, 0.011863449733647615, 5047.058521952358
0.04369009903851172, 12963.388827749748, 3.9780870301440237, 0.11757782575944686, 0, 0, 0, 0, 1.0, 0.011863449733647615, 5040.522697671994
0.04369009903851172, 12963.388827749748, 3.9780870301440237, 0.12076428028096507, 0, 0, 0, 0, 1.0, 0.011863449733647615, 5034.702679531619
0.04337000120968448, 12963.388827749748, 3.9780870301440237, 0.12076428028096507, 0, 0, 0, 0, 1.0, 0.011863449733647615, 5026.332536171343
