W, K, Conc_treshold, Max_effect, empty_1, empty_2, empty_3, empty_4, P_comp, D_comp, Deviation
0.012268819362774833, 3870.9032671548453, 691.2944374259525, 0.000537169520710675, 0, 0, 0, 0, 1.0, 0.38400545121507573, 16011.823435161828
0.012268819362774833, 3870.9032671548453, 691.2944374259525, 0.003969175723166868, 0, 0, 0, 0, 1.0, 0.38400545121507573, 15918.088386602296
0.012268819362774833, 3870.9032671548453, 691.2944374259525, 0.02932846208499362, 0, 0, 0, 0, 1.0, 0.38400545121507573, 15487.055494544866
0.09065499453918983, 3870.9032671548453, 691.2944374259525, 0.02932846208499362, 0, 0, 0, 0, 1.0, 0.38400545121507573, 9872.977483175959
0.09065499453918983, 3870.9032671548453, 691.2944374259525, 0.02932846208499362, 0, 0, 0, 0, 1.0, 2.8374378213233715, 9562.632342297191
0.09065499453918983, 3870.9032671548453, 691.2944374259525, 0.04835445927645121, 0, 0, 0, 0, 1.0, 2.8374378213233715, 9029.574439297956
0.09065499453918983, 3870.9032671548453, 1198.1881699034755, 0.04835445927645121, 0, 0, 0, 0, 1.0, 2.8374378213233715, 8769.621847322856
0.09065499453918983, 5238.252142895747, 1198.1881699034755, 0.04835445927645121, 0, 0, 0, 0, 1.0, 2.8374378213233715, 8475.876778785207
0.06499504476730483, 5238.252142895747, 1198.1881699034755, 0.04835445927645121, 0, 0, 0, 0, 1.0, 2.8374378213233715, 7815.1822358405425
0.06499504476730483, 5238.252142895747, 1198.1881699034755, 0.06972670920534385, 0, 0, 0, 0, 1.0, 2.8374378213233715, 6699.632727456561
0.06499504476730483, 6406.4265319970455, 1198.1881699034755, 0.06972670920534385, 0, 0, 0, 0, 1.0, 2.8374378213233715, 6228.812751281255
0.05818272388109428, 6406.4265319970455, 1198.1881699034755, 0.06972670920534385, 0, 0, 0, 0, 1.0, 2.8374378213233715, 6107.7032498270755
0.05818272388109428, 7236.2017670240175, 1198.1881699034755, 0.06972670920534385, 0, 0, 0, 0, 1.0, 2.8374378213233715, 5778.57738149144
0.05818272388109428, 7236.2017670240175, 1198.1881699034755, 0.07972296978601677, 0, 0, 0, 0, 1.0, 2.8374378213233715, 5534.009622551968
0.05818272388109428, 7236.2017670240175, 1198.1881699034755, 0.09238175274656732, 0, 0, 0, 0, 1.0, 2.8374378213233715, 5471.203591247126
0.0536528193378871, 7236.2017670240175, 1198.1881699034755, 0.09238175274656732, 0, 0, 0, 0, 1.0, 2.8374378213233715, 5311.029461306378
0.0536528193378871, 7911.017024093719, 1198.1881699034755, 0.09238175274656732, 0, 0, 0, 0, 1.0, 2.8374378213233715, 5115.968936654971
0.0536528193378871, 7911.017024093719, 1198.1881699034755, 0.1019013679750841, 0, 0, 0, 0, 1.0, 2.8374378213233715, 5010.921729077085
0.0536528193378871, 7911.017024093719, 1198.1881699034755, 0.11350976179985439, 0, 0, 0, 0, 1.0, 2.8374378213233715, 4983.9893897748225
0.050561888801477786, 7911.017024093719, 1198.1881699034755, 0.11350976179985439, 0, 0, 0, 0, 1.0, 2.8374378213233715, 4932.859754748607
0.050561888801477786, 8444.588741693542, 1198.1881699034755, 0.11350976179985439, 0, 0, 0, 0, 1.0, 2.8374378213233715, 4791.218526331369
0.050561888801477786, 9073.175413276254, 1198.1881699034755, 0.11350976179985439, 0, 0, 0, 0, 1.0, 2.8374378213233715, 4729.910271946027
0.050561888801477786, 9073.175413276254, 1107.2001697460166, 0.11350976179985439, 0, 0, 0, 0, 1.0, 2.8374378213233715, 4695.807656446459
0.050561888801477786, 9073.175413276254, 1107.2001697460166, 0.11854891903881891, 0, 0, 0, 0, 1.0, 2.8374378213233715, 4690.953941098431
0.048202822014056824, 9073.175413276254, 1107.2001697460166, 0.11854891903881891, 0, 0, 0, 0, 1.0, 2.8374378213233715, 4663.942612732608
0.048202822014056824, 9562.803114533877, 1107.2001697460166, 0.11854891903881891, 0, 0, 0, 0, 1.0, 2.8374378213233715, 4583.320817039651
0.048202822014056824, 9562.803114533877, 1107.2001697460166, 0.1256047594431009, 0, 0, 0, 0, 1.0, 2.8374378213233715, 4533.637307511916
0.048202822014056824, 9562.803114533877, 1107.2001697460166, 0.13385217842159408, 0, 0, 0, 0, 1.0, 2.8374378213233715, 4503.495792412681
0.048202822014056824, 9562.803114533877, 1107.2001697460166, 0.14355116650885288, 0, 0, 0, 0, 1.0, 2.8374378213233715, 4497.102116813779
0.04728437053455506, 9562.803114533877, 1107.2001697460166, 0.14355116650885288, 0, 0, 0, 0, 1.0, 2.8374378213233715, 4478.851112760322
0.04728437053455506, 9767.323053580363, 1107.2001697460166, 0.14355116650885288, 0, 0, 0, 0, 1.0, 2.8374378213233715, 4455.594224649051
0.04728437053455506, 9997.350626061787, 1107.2001697460166, 0.14355116650885288, 0, 0, 0, 0, 1.0, 2.8374378213233715, 4439.0170765317835
0.04728437053455506, 10256.642842894094, 1107.2001697460166, 0.14355116650885288, 0, 0, 0, 0, 1.0, 2.8374378213233715, 4431.884404487132
0.0466231317122704, 10256.642842894094, 1107.2001697460166, 0.14355116650885288, 0, 0, 0, 0, 1.0, 2.8374378213233715, 4421.058748299494
0.0466231317122704, 10416.768668408531, 1107.2001697460166, 0.14355116650885288, 0, 0, 0, 0, 1.0, 2.8374378213233715, 4409.8232316764015
0.0466231317122704, 10595.795924350543, 1107.2001697460166, 0.14355116650885288, 0, 0, 0, 0, 1.0, 2.8374378213233715, 4402.098712469301
0.0466231317122704, 10595.795924350543, 1107.2001697460166, 0.1462673348208734, 0, 0, 0, 0, 1.0, 2.8374378213233715, 4396.786642281289
