W, K, Conc_treshold, Max_effect, empty_1, empty_2, empty_3, empty_4, P_comp, D_comp, Deviation
0.005482952057500002, 3886.826943117546, 69.47837118718869, 0.4474447893175221, 0, 0, 0, 0, 1.0, 0.020723343049707802, 15861.806666227625
0.04051384034061475, 3886.826943117546, 69.47837118718869, 0.4474447893175221, 0, 0, 0, 0, 1.0, 0.020723343049707802, 9581.603015849996
0.04051384034061475, 28719.982329530678, 69.47837118718869, 0.4474447893175221, 0, 0, 0, 0, 1.0, 0.020723343049707802, 5269.147432409231
0.04051384034061475, 28719.982329530678, 69.47837118718869, 0.16460573904920378, 0, 0, 0, 0, 1.0, 0.020723343049707802, 5052.153435818146
0.04051384034061475, 16569.988359153653, 69.47837118718869, 0.16460573904920378, 0, 0, 0, 0, 1.0, 0.020723343049707802, 4957.267676611471
0.04051384034061475, 16569.988359153653, 69.47837118718869, 0.3014346232291296, 0, 0, 0, 0, 1.0, 0.020723343049707802, 4860.858056184019
0.04051384034061475, 16569.988359153653, 69.47837118718869, 0.5864299093349261, 0, 0, 0, 0, 1.0, 0.020723343049707802, 4851.4509127367555
0.04051384034061475, 18157.784719360538, 69.47837118718869, 0.5864299093349261, 0, 0, 0, 0, 1.0, 0.020723343049707802, 4826.696628808111
0.040259765592465906, 18157.784719360538, 69.47837118718869, 0.5864299093349261, 0, 0, 0, 0, 1.0, 0.020723343049707802, 4819.316262091073
