W, K, Conc_treshold, Max_effect, empty_1, empty_2, empty_3, empty_4, P_comp, D_comp, Deviation
0.010708767473942626, 3559.004403922312, 8.383391135047583, 0.09870882916001836, 0, 0, 0, 0, 1.0, 0.08920382378213701, 15461.309534745033
0.07912768361536593, 3559.004403922312, 8.383391135047583, 0.09870882916001836, 0, 0, 0, 0, 1.0, 0.08920382378213701, 10277.540977655473
0.07912768361536593, 3559.004403922312, 8.383391135047583, 0.03631294891007492, 0, 0, 0, 0, 1.0, 0.08920382378213701, 9493.748412244186
0.07912768361536593, 6168.655123701697, 8.383391135047583, 0.03631294891007492, 0, 0, 0, 0, 1.0, 0.08920382378213701, 9324.906500288114
0.05847286474067899, 6168.655123701697, 8.383391135047583, 0.03631294891007492, 0, 0, 0, 0, 1.0, 0.08920382378213701, 7678.65576408186
0.05847286474067899, 6168.655123701697, 8.383391135047583, 0.05064924867627304, 0, 0, 0, 0, 1.0, 0.08920382378213701, 6848.960076848334
0.05847286474067899, 6168.655123701697, 8.383391135047583, 0.07303577553682916, 0, 0, 0, 0, 1.0, 0.08920382378213701, 6829.607923855786
0.05847286474067899, 6168.655123701697, 8.383391135047583, 0.05971812925708965, 0, 0, 0, 0, 1.0, 0.08920382378213701, 6749.925804634439
0.05234415263384663, 6168.655123701697, 8.383391135047583, 0.05971812925708965, 0, 0, 0, 0, 1.0, 0.08920382378213701, 6631.58543844291
0.05234415263384663, 6967.633654011061, 8.383391135047583, 0.05971812925708965, 0, 0, 0, 0, 1.0, 0.08920382378213701, 6245.590262535574
0.05234415263384663, 7966.537552243832, 8.383391135047583, 0.05971812925708965, 0, 0, 0, 0, 1.0, 0.08920382378213701, 6009.550870582759
0.05234415263384663, 7966.537552243832, 8.383391135047583, 0.06920045084025019, 0, 0, 0, 0, 1.0, 0.08920382378213701, 5910.8398679699085
0.04826881894354069, 7966.537552243832, 8.383391135047583, 0.06920045084025019, 0, 0, 0, 0, 1.0, 0.08920382378213701, 5894.937196734156
0.04826881894354069, 8709.460602119454, 8.383391135047583, 0.06920045084025019, 0, 0, 0, 0, 1.0, 0.08920382378213701, 5696.645127769184
0.04826881894354069, 9606.939934510494, 8.383391135047583, 0.06920045084025019, 0, 0, 0, 0, 1.0, 0.08920382378213701, 5580.836879046079
0.04826881894354069, 9606.939934510494, 8.383391135047583, 0.0770836235804012, 0, 0, 0, 0, 1.0, 0.08920382378213701, 5486.470343398565
0.04826881894354069, 9606.939934510494, 8.383391135047583, 0.0867961856068759, 0, 0, 0, 0, 1.0, 0.08920382378213701, 5446.136296547871
0.04671900449232027, 9606.939934510494, 8.383391135047583, 0.0867961856068759, 0, 0, 0, 0, 1.0, 0.08920382378213701, 5378.064536345887
0.04671900449232027, 9958.076929642139, 8.383391135047583, 0.0867961856068759, 0, 0, 0, 0, 1.0, 0.08920382378213701, 5342.277376603613
0.04671900449232027, 10359.169014955074, 8.383391135047583, 0.0867961856068759, 0, 0, 0, 0, 1.0, 0.08920382378213701, 5321.333003434556
0.04671900449232027, 10359.169014955074, 8.383391135047583, 0.09064941919736307, 0, 0, 0, 0, 1.0, 0.08920382378213701, 5303.925926488843
0.04671900449232027, 10359.169014955074, 8.383391135047583, 0.09508584065968195, 0, 0, 0, 0, 1.0, 0.08920382378213701, 5292.142226346135
0.04550725362863705, 10359.169014955074, 8.383391135047583, 0.09508584065968195, 0, 0, 0, 0, 1.0, 0.08920382378213701, 5261.456757322229
0.04550725362863705, 10662.994071494282, 8.383391135047583, 0.09508584065968195, 0, 0, 0, 0, 1.0, 0.08920382378213701, 5233.522933996849
0.04550725362863705, 11007.503735712977, 8.383391135047583, 0.09508584065968195, 0, 0, 0, 0, 1.0, 0.08920382378213701, 5213.553347538439
0.04550725362863705, 11007.503735712977, 8.383391135047583, 0.0984705790172561, 0, 0, 0, 0, 1.0, 0.08920382378213701, 5198.970152032584
0.04550725362863705, 11007.503735712977, 8.383391135047583, 0.10233311564261681, 0, 0, 0, 0, 1.0, 0.08920382378213701, 5187.050751887668
0.04550725362863705, 11007.503735712977, 8.383391135047583, 0.106757125760672, 0, 0, 0, 0, 1.0, 0.08920382378213701, 5178.381711315471
0.04446018391246612, 11007.503735712977, 8.383391135047583, 0.106757125760672, 0, 0, 0, 0, 1.0, 0.08920382378213701, 5171.672033402357
0.04446018391246612, 11292.995377666846, 8.383391135047583, 0.106757125760672, 0, 0, 0, 0, 1.0, 0.08920382378213701, 5145.492187406576
0.04446018391246612, 11615.59577598596, 8.383391135047583, 0.106757125760672, 0, 0, 0, 0, 1.0, 0.08920382378213701, 5124.284885633124
0.04446018391246612, 11981.110230263248, 8.383391135047583, 0.106757125760672, 0, 0, 0, 0, 1.0, 0.08920382378213701, 5110.3175902401645
0.04446018391246612, 11981.110230263248, 8.383391135047583, 0.11045821068076403, 0, 0, 0, 0, 1.0, 0.08920382378213701, 5100.100825802431
0.04446018391246612, 11981.110230263248, 8.383391135047583, 0.11467777233002746, 0, 0, 0, 0, 1.0, 0.08920382378213701, 5091.894418233667
0.04446018391246612, 11981.110230263248, 8.383391135047583, 0.1195056990389113, 0, 0, 0, 0, 1.0, 0.08920382378213701, 5086.1125195347995
0.04395883543339968, 11981.110230263248, 8.383391135047583, 0.1195056990389113, 0, 0, 0, 0, 1.0, 0.08920382378213701, 5068.884439794085
0.04395883543339968, 12131.504058665481, 8.383391135047583, 0.1195056990389113, 0, 0, 0, 0, 1.0, 0.08920382378213701, 5062.47873798555
0.04395883543339968, 12299.118623747352, 8.383391135047583, 0.1195056990389113, 0, 0, 0, 0, 1.0, 0.08920382378213701, 5057.215827657116
