W, K, empty_0, Max_effect, empty_1, empty_2, empty_3, empty_4, P_comp, D_comp, Deviation
0.033717348858767496, 3662.9968114316935, 0, 0.00026954975262843744, 0, 0, 0, 0, 1.0, 0.22811535241532077, 16386.98609903928
0.004563146957788979, 3662.9968114316935, 0, 0.00026954975262843744, 0, 0, 0, 0, 1.0, 0.22811535241532077, 16036.624237408423
0.012403919455945954, 3662.9968114316935, 0, 0.00026954975262843744, 0, 0, 0, 0, 1.0, 0.22811535241532077, 16018.939473700028
0.012403919455945954, 3662.9968114316935, 0, 0.0008097722086095176, 0, 0, 0, 0, 1.0, 0.22811535241532077, 16001.737660205054
0.012403919455945954, 3662.9968114316935, 0, 0.0027155586736327445, 0, 0, 0, 0, 1.0, 0.22811535241532077, 15942.313544502149
0.012403919455945954, 3662.9968114316935, 0, 0.01027791794719492, 0, 0, 0, 0, 1.0, 0.22811535241532077, 15735.378890978636
0.053630208880069995, 3662.9968114316935, 0, 0.01027791794719492, 0, 0, 0, 0, 1.0, 0.22811535241532077, 14577.457641224864
0.053630208880069995, 3662.9968114316935, 0, 0.05144471341957536, 0, 0, 0, 0, 1.0, 0.22811535241532077, 9116.73868426881
0.053630208880069995, 3662.9968114316935, 0, 0.3024961969103319, 0, 0, 0, 0, 1.0, 0.22811535241532077, 8839.686739354405
0.053630208880069995, 9704.989777683342, 0, 0.3024961969103319, 0, 0, 0, 0, 1.0, 0.22811535241532077, 8450.960119156873
0.053630208880069995, 9704.989777683342, 0, 0.10357275371369984, 0, 0, 0, 0, 1.0, 0.22811535241532077, 7212.886547500955
0.053630208880069995, 9704.989777683342, 0, 0.057442668305329354, 0, 0, 0, 0, 1.0, 0.22811535241532077, 6442.311062986534
0.053630208880069995, 7017.607554888005, 0, 0.057442668305329354, 0, 0, 0, 0, 1.0, 0.22811535241532077, 6277.858849185479
0.053630208880069995, 7017.607554888005, 0, 0.08205805345274368, 0, 0, 0, 0, 1.0, 0.22811535241532077, 6160.730501336089
0.053630208880069995, 7017.607554888005, 0, 0.06744248712985719, 0, 0, 0, 0, 1.0, 0.22811535241532077, 6148.278448125196
0.053630208880069995, 7817.038944511173, 0, 0.06744248712985719, 0, 0, 0, 0, 1.0, 0.22811535241532077, 6059.411994028994
0.050540580928601635, 7817.038944511173, 0, 0.06744248712985719, 0, 0, 0, 0, 1.0, 0.22811535241532077, 5864.103586764412
0.050540580928601635, 8344.27215402956, 0, 0.06744248712985719, 0, 0, 0, 0, 1.0, 0.22811535241532077, 5772.038258895564
0.050540580928601635, 8344.27215402956, 0, 0.07246267814270159, 0, 0, 0, 0, 1.0, 0.22811535241532077, 5723.98296298331
0.050540580928601635, 8344.27215402956, 0, 0.07841754913208236, 0, 0, 0, 0, 1.0, 0.22811535241532077, 5700.421727984817
0.04839225316388841, 8344.27215402956, 0, 0.07841754913208236, 0, 0, 0, 0, 1.0, 0.22811535241532077, 5635.304028273641
0.04839225316388841, 8752.644412774749, 0, 0.07841754913208236, 0, 0, 0, 0, 1.0, 0.22811535241532077, 5555.271154310339
0.04839225316388841, 9224.974877970155, 0, 0.07841754913208236, 0, 0, 0, 0, 1.0, 0.22811535241532077, 5501.118380450179
0.04839225316388841, 9224.974877970155, 0, 0.08308483514411032, 0, 0, 0, 0, 1.0, 0.22811535241532077, 5474.329974122554
0.04839225316388841, 9224.974877970155, 0, 0.08854032464331935, 0, 0, 0, 0, 1.0, 0.22811535241532077, 5459.797996058574
0.0467288617516723, 9224.974877970155, 0, 0.08854032464331935, 0, 0, 0, 0, 1.0, 0.22811535241532077, 5422.46333049693
0.0467288617516723, 9586.827155978472, 0, 0.08854032464331935, 0, 0, 0, 0, 1.0, 0.22811535241532077, 5368.029002212886
0.0467288617516723, 10001.279702172935, 0, 0.08854032464331935, 0, 0, 0, 0, 1.0, 0.22811535241532077, 5328.653189942449
0.0467288617516723, 10477.90162396912, 0, 0.08854032464331935, 0, 0, 0, 0, 1.0, 0.22811535241532077, 5311.458110678137
0.0467288617516723, 10477.90162396912, 0, 0.09319266424132, 0, 0, 0, 0, 1.0, 0.22811535241532077, 5296.97881096592
0.0467288617516723, 10477.90162396912, 0, 0.09859307393045084, 0, 0, 0, 0, 1.0, 0.22811535241532077, 5290.449061416343
0.045303278139310676, 10477.90162396912, 0, 0.09859307393045084, 0, 0, 0, 0, 1.0, 0.22811535241532077, 5234.550896814458
0.045303278139310676, 10841.15235237123, 0, 0.09859307393045084, 0, 0, 0, 0, 1.0, 0.22811535241532077, 5203.387273061987
0.045303278139310676, 11255.290064886736, 0, 0.09859307393045084, 0, 0, 0, 0, 1.0, 0.22811535241532077, 5183.992116445622
0.045303278139310676, 11255.290064886736, 0, 0.10274383588953317, 0, 0, 0, 0, 1.0, 0.22811535241532077, 5170.563877988844
0.045303278139310676, 11255.290064886736, 0, 0.1075117872033893, 0, 0, 0, 0, 1.0, 0.22811535241532077, 5160.916800915923
0.045303278139310676, 11255.290064886736, 0, 0.11301248311546873, 0, 0, 0, 0, 1.0, 0.22811535241532077, 5155.6620779238065
0.044076890007753014, 11255.290064886736, 0, 0.11301248311546873, 0, 0, 0, 0, 1.0, 0.22811535241532077, 5139.757989186509
0.044076890007753014, 11600.247228659839, 0, 0.11301248311546873, 0, 0, 0, 0, 1.0, 0.22811535241532077, 5108.987750779929
0.044076890007753014, 11991.923622494662, 0, 0.11301248311546873, 0, 0, 0, 0, 1.0, 0.22811535241532077, 5085.314762733992
0.044076890007753014, 12438.059307080986, 0, 0.11301248311546873, 0, 0, 0, 0, 1.0, 0.22811535241532077, 5071.820891352555
0.044076890007753014, 12438.059307080986, 0, 0.11764583697497069, 0, 0, 0, 0, 1.0, 0.22811535241532077, 5062.687965568281
0.044076890007753014, 12438.059307080986, 0, 0.1229622283326219, 0, 0, 0, 0, 1.0, 0.22811535241532077, 5056.2134746517695
0.043544396366508094, 12438.059307080986, 0, 0.1229622283326219, 0, 0, 0, 0, 1.0, 0.22811535241532077, 5040.8008113278875
0.043544396366508094, 12605.473377139655, 0, 0.1229622283326219, 0, 0, 0, 0, 1.0, 0.22811535241532077, 5033.937321648406
0.043544396366508094, 12792.232653414248, 0, 0.1229622283326219, 0, 0, 0, 0, 1.0, 0.22811535241532077, 5028.306719379608
