W, K, empty_0, Max_effect, empty_1, empty_2, empty_3, empty_4, P_comp, D_comp, Deviation
0.019973225349610976, 4081.34819375477, 0, 0.0018083522131931982, 0, 0, 0, 0, 1.0, 0.05722788314464451, 16023.658798723949
0.019973225349610976, 4081.34819375477, 0, 0.01336201594990994, 0, 0, 0, 0, 1.0, 0.05722788314464451, 15348.068578724877
0.14758328258485925, 4081.34819375477, 0, 0.01336201594990994, 0, 0, 0, 0, 1.0, 0.05722788314464451, 13556.61545489093
0.14758328258485925, 4081.34819375477, 0, 0.036321725148220116, 0, 0, 0, 0, 1.0, 0.05722788314464451, 12634.289663453133
0.049126207209742014, 4081.34819375477, 0, 0.036321725148220116, 0, 0, 0, 0, 1.0, 0.05722788314464451, 9894.959889951497
0.049126207209742014, 13686.738529465303, 0, 0.036321725148220116, 0, 0, 0, 0, 1.0, 0.05722788314464451, 7876.232502696847
0.049126207209742014, 13686.738529465303, 0, 0.13747142140536925, 0, 0, 0, 0, 1.0, 0.05722788314464451, 7695.111528157116
0.049126207209742014, 6582.254879441361, 0, 0.13747142140536925, 0, 0, 0, 0, 1.0, 0.05722788314464451, 6176.065261165849
0.049126207209742014, 9845.405242201057, 0, 0.13747142140536925, 0, 0, 0, 0, 1.0, 0.05722788314464451, 5902.951378893439
0.049126207209742014, 9845.405242201057, 0, 0.08828107876972985, 0, 0, 0, 0, 1.0, 0.05722788314464451, 5594.347897702114
0.049126207209742014, 8716.432652463145, 0, 0.08828107876972985, 0, 0, 0, 0, 1.0, 0.05722788314464451, 5546.130979222914
0.047508045183139204, 8716.432652463145, 0, 0.08828107876972985, 0, 0, 0, 0, 1.0, 0.05722788314464451, 5497.356055270961
0.047508045183139204, 9043.56077058104, 0, 0.08828107876972985, 0, 0, 0, 0, 1.0, 0.05722788314464451, 5439.9809945898405
0.047508045183139204, 9417.599381099953, 0, 0.08828107876972985, 0, 0, 0, 0, 1.0, 0.05722788314464451, 5396.73655148447
0.047508045183139204, 9846.934238083062, 0, 0.08828107876972985, 0, 0, 0, 0, 1.0, 0.05722788314464451, 5374.676865947239
0.047508045183139204, 9846.934238083062, 0, 0.09271810348132563, 0, 0, 0, 0, 1.0, 0.05722788314464451, 5365.926895170313
0.046243836957808496, 9846.934238083062, 0, 0.09271810348132563, 0, 0, 0, 0, 1.0, 0.05722788314464451, 5316.7767332737685
0.046243836957808496, 10143.449397877088, 0, 0.09271810348132563, 0, 0, 0, 0, 1.0, 0.05722788314464451, 5287.679683029113
0.046243836957808496, 10479.939111921341, 0, 0.09271810348132563, 0, 0, 0, 0, 1.0, 0.05722788314464451, 5267.951460967586
0.046243836957808496, 10479.939111921341, 0, 0.0961069824035083, 0, 0, 0, 0, 1.0, 0.05722788314464451, 5255.746146798539
0.046243836957808496, 10479.939111921341, 0, 0.09997798583697365, 0, 0, 0, 0, 1.0, 0.05722788314464451, 5246.720039895714
0.04525032141013286, 10479.939111921341, 0, 0.09997798583697365, 0, 0, 0, 0, 1.0, 0.05722788314464451, 5228.648427087722
0.04525032141013286, 10733.322329192992, 0, 0.09997798583697365, 0, 0, 0, 0, 1.0, 0.05722788314464451, 5205.086078543204
0.04525032141013286, 11019.125394979528, 0, 0.09997798583697365, 0, 0, 0, 0, 1.0, 0.05722788314464451, 5186.4017936674645
0.04525032141013286, 11342.306375163274, 0, 0.09997798583697365, 0, 0, 0, 0, 1.0, 0.05722788314464451, 5174.7903910411915
0.04525032141013286, 11342.306375163274, 0, 0.10320816509985402, 0, 0, 0, 0, 1.0, 0.05722788314464451, 5165.198583102218
0.04525032141013286, 11342.306375163274, 0, 0.10688203108036949, 0, 0, 0, 0, 1.0, 0.05722788314464451, 5157.665668612713
0.04438812656529686, 11342.306375163274, 0, 0.10688203108036949, 0, 0, 0, 0, 1.0, 0.05722788314464451, 5143.232676575222
0.04438812656529686, 11584.884600471432, 0, 0.10688203108036949, 0, 0, 0, 0, 1.0, 0.05722788314464451, 5126.140564744928
0.04438812656529686, 11857.717071303554, 0, 0.10688203108036949, 0, 0, 0, 0, 1.0, 0.05722788314464451, 5112.5361789661265
0.04438812656529686, 12165.259925504695, 0, 0.10688203108036949, 0, 0, 0, 0, 1.0, 0.05722788314464451, 5103.937834662495
0.04438812656529686, 12165.259925504695, 0, 0.1099352675908414, 0, 0, 0, 0, 1.0, 0.05722788314464451, 5095.541390061497
0.04438812656529686, 12165.259925504695, 0, 0.11339466219394634, 0, 0, 0, 0, 1.0, 0.05722788314464451, 5088.4176397442625
0.04438812656529686, 12165.259925504695, 0, 0.11732585902295978, 0, 0, 0, 0, 1.0, 0.05722788314464451, 5082.892665707409
0.04356384393955362, 12165.259925504695, 0, 0.11732585902295978, 0, 0, 0, 0, 1.0, 0.05722788314464451, 5071.910304527374
0.04356384393955362, 12418.698312762981, 0, 0.11732585902295978, 0, 0, 0, 0, 1.0, 0.05722788314464451, 5056.6345004442965
0.04356384393955362, 12703.583006117842, 0, 0.11732585902295978, 0, 0, 0, 0, 1.0, 0.05722788314464451, 5044.28859363931
0.04356384393955362, 13024.510123988763, 0, 0.11732585902295978, 0, 0, 0, 0, 1.0, 0.05722788314464451, 5036.1407742540005
0.04356384393955362, 13024.510123988763, 0, 0.12059031441001763, 0, 0, 0, 0, 1.0, 0.05722788314464451, 5029.090449914165
0.04356384393955362, 13024.510123988763, 0, 0.12428622029938798, 0, 0, 0, 0, 1.0, 0.05722788314464451, 5022.971663280432
0.04320368504677825, 13024.510123988763, 0, 0.12428622029938798, 0, 0, 0, 0, 1.0, 0.05722788314464451, 5016.0725818523615
