W, K, Scale, Min_effect, empty_1, empty_2, empty_3, empty_4, P_comp, D_comp, Deviation
0.0012388089632336375, 1184.4411706279764, 1168.6452714574607, 0.03800053069693855, 0, 0, 0, 0, 1.0, 0.1279626653519626, 16129.081834361577
0.009153628925191466, 1184.4411706279764, 1168.6452714574607, 0.03800053069693855, 0, 0, 0, 0, 1.0, 0.1279626653519626, 15723.116993924556
0.06763667763703402, 1184.4411706279764, 1168.6452714574607, 0.03800053069693855, 0, 0, 0, 0, 1.0, 0.1279626653519626, 13392.753012971665
0.06763667763703402, 1184.4411706279764, 8635.185470549215, 0.03800053069693855, 0, 0, 0, 0, 1.0, 0.1279626653519626, 13367.951474377664
0.06763667763703402, 1184.4411706279764, 63805.86986655901, 0.03800053069693855, 0, 0, 0, 0, 1.0, 0.1279626653519626, 13332.204093709981
0.06763667763703402, 8751.902255653207, 63805.86986655901, 0.03800053069693855, 0, 0, 0, 0, 1.0, 0.1279626653519626, 12613.994103024232
0.06763667763703402, 8751.902255653207, 63805.86986655901, 0.005142812585011774, 0, 0, 0, 0, 1.0, 0.1279626653519626, 8871.01372217658
0.06763667763703402, 8751.902255653207, 63805.86986655901, 0.0006960039978253849, 0, 0, 0, 0, 1.0, 0.1279626653519626, 7501.830745431417
0.06763667763703402, 8751.902255653207, 63805.86986655901, 9.419389817951324e-05, 0, 0, 0, 0, 1.0, 0.1279626653519626, 7330.176073504601
0.06763667763703402, 8751.902255653207, 63805.86986655901, 1.2747757889285081e-05, 0, 0, 0, 0, 1.0, 0.1279626653519626, 7308.033866222867
0.06763667763703402, 5308.297048861824, 63805.86986655901, 1.2747757889285081e-05, 0, 0, 0, 0, 1.0, 0.1279626653519626, 5874.447536867855
0.06763667763703402, 6988.535896135861, 63805.86986655901, 1.2747757889285081e-05, 0, 0, 0, 0, 1.0, 0.1279626653519626, 5557.252904333533
0.05814270411801781, 6988.535896135861, 63805.86986655901, 1.2747757889285081e-05, 0, 0, 0, 0, 1.0, 0.1279626653519626, 5352.957662920431
0.05814270411801781, 6988.535896135861, 54026.258143647676, 1.2747757889285081e-05, 0, 0, 0, 0, 1.0, 0.1279626653519626, 4615.336910347045
0.05814270411801781, 6988.535896135861, 54026.258143647676, 1.2747757889285081e-05, 0, 0, 0, 0, 1.0, 0.1065619007962713, 4483.912998320827
0.05528888905023427, 6988.535896135861, 54026.258143647676, 1.2747757889285081e-05, 0, 0, 0, 0, 1.0, 0.1065619007962713, 4440.3272617375
0.05528888905023427, 7386.340075570764, 54026.258143647676, 1.2747757889285081e-05, 0, 0, 0, 0, 1.0, 0.1065619007962713, 4267.34612592868
0.05528888905023427, 7850.127455347491, 54026.258143647676, 1.2747757889285081e-05, 0, 0, 0, 0, 1.0, 0.1065619007962713, 4168.831545592124
0.05528888905023427, 7850.127455347491, 54026.258143647676, 1.2747757889285081e-05, 0, 0, 0, 0, 1.0, 0.09965745882897414, 4159.153193412042
0.05328895222372803, 7850.127455347491, 54026.258143647676, 1.2747757889285081e-05, 0, 0, 0, 0, 1.0, 0.09965745882897414, 4103.131591734253
0.05328895222372803, 8174.806068150787, 54026.258143647676, 1.2747757889285081e-05, 0, 0, 0, 0, 1.0, 0.09965745882897414, 4024.988719732284
0.05328895222372803, 8174.806068150787, 51670.66651963466, 1.2747757889285081e-05, 0, 0, 0, 0, 1.0, 0.09965745882897414, 3985.2399729364106
0.05328895222372803, 8585.673459469132, 51670.66651963466, 1.2747757889285081e-05, 0, 0, 0, 0, 1.0, 0.09965745882897414, 3975.5732330451406
0.051870911732674496, 8585.673459469132, 51670.66651963466, 1.2747757889285081e-05, 0, 0, 0, 0, 1.0, 0.09965745882897414, 3907.1216900585805
0.051870911732674496, 8844.208986996877, 51670.66651963466, 1.2747757889285081e-05, 0, 0, 0, 0, 1.0, 0.09965745882897414, 3878.827884594014
0.051870911732674496, 8844.208986996877, 50011.62560193602, 1.2747757889285081e-05, 0, 0, 0, 0, 1.0, 0.09965745882897414, 3855.026789744606
0.050948180739226, 8844.208986996877, 50011.62560193602, 1.2747757889285081e-05, 0, 0, 0, 0, 1.0, 0.09965745882897414, 3842.5898794591085
0.050948180739226, 9020.564521400684, 50011.62560193602, 1.2747757889285081e-05, 0, 0, 0, 0, 1.0, 0.09965745882897414, 3819.198276161849
0.050948180739226, 9020.564521400684, 48937.161827544, 1.2747757889285081e-05, 0, 0, 0, 0, 1.0, 0.09965745882897414, 3798.016744470648
0.050948180739226, 9238.66308434357, 48937.161827544, 1.2747757889285081e-05, 0, 0, 0, 0, 1.0, 0.09965745882897414, 3788.4776485448037
0.050948180739226, 9238.66308434357, 47667.87861496014, 1.2747757889285081e-05, 0, 0, 0, 0, 1.0, 0.09965745882897414, 3782.5409907313465
0.05021709161013932, 9238.66308434357, 47667.87861496014, 1.2747757889285081e-05, 0, 0, 0, 0, 1.0, 0.09965745882897414, 3752.30648067352
0.05021709161013932, 9386.722228497116, 47667.87861496014, 1.2747757889285081e-05, 0, 0, 0, 0, 1.0, 0.09965745882897414, 3741.8675252771436
0.05021709161013932, 9386.722228497116, 46841.46874224286, 1.2747757889285081e-05, 0, 0, 0, 0, 1.0, 0.09965745882897414, 3733.866221679564
0.04973637513713751, 9386.722228497116, 46841.46874224286, 1.2747757889285081e-05, 0, 0, 0, 0, 1.0, 0.09965745882897414, 3726.5216681310376
0.04973637513713751, 9486.568246449959, 46841.46874224286, 1.2747757889285081e-05, 0, 0, 0, 0, 1.0, 0.09965745882897414, 3717.624791825805
0.04973637513713751, 9597.62597510161, 46841.46874224286, 1.2747757889285081e-05, 0, 0, 0, 0, 1.0, 0.09965745882897414, 3711.011692397976
0.04973637513713751, 9597.62597510161, 46245.59268479614, 1.2747757889285081e-05, 0, 0, 0, 0, 1.0, 0.09965745882897414, 3704.72285526044
0.049387386556160665, 9597.62597510161, 46245.59268479614, 1.2747757889285081e-05, 0, 0, 0, 0, 1.0, 0.09965745882897414, 3700.3557172341802
0.049387386556160665, 9672.254485118352, 46245.59268479614, 1.2747757889285081e-05, 0, 0, 0, 0, 1.0, 0.09965745882897414, 3694.80183297608
0.049387386556160665, 9755.016255481176, 46245.59268479614, 1.2747757889285081e-05, 0, 0, 0, 0, 1.0, 0.09965745882897414, 3690.3629813104926
0.049387386556160665, 9755.016255481176, 45814.192753779906, 1.2747757889285081e-05, 0, 0, 0, 0, 1.0, 0.09965745882897414, 3685.46998388346
