W, K, Scale, Min_effect, empty_1, empty_2, empty_3, empty_4, P_comp, D_comp, Deviation
0.011281144159602631, 1595.6226775630448, 4388.436337731648, 0.0008481282421483299, 0, 0, 0, 0, 1.0, 0.4635541747386577, 15695.706338415033
0.08335700705542771, 1595.6226775630448, 4388.436337731648, 0.0008481282421483299, 0, 0, 0, 0, 1.0, 0.4635541747386577, 12509.194278657755
0.08335700705542771, 4337.35212949679, 4388.436337731648, 0.0008481282421483299, 0, 0, 0, 0, 1.0, 0.4635541747386577, 12102.137269492643
0.08335700705542771, 4337.35212949679, 13183.591344065331, 0.0008481282421483299, 0, 0, 0, 0, 1.0, 0.4635541747386577, 9229.16952371132
0.08335700705542771, 4337.35212949679, 13183.591344065331, 0.00025290953441628466, 0, 0, 0, 0, 1.0, 0.4635541747386577, 9180.0252036544
0.08335700705542771, 4337.35212949679, 13183.591344065331, 6.682196563127865e-05, 0, 0, 0, 0, 1.0, 0.4635541747386577, 9164.95206656924
0.08335700705542771, 4337.35212949679, 13183.591344065331, 6.682196563127865e-05, 0, 0, 0, 0, 1.0, 0.9638862213777634, 7347.3724670874335
0.08335700705542771, 5304.618220546614, 13183.591344065331, 6.682196563127865e-05, 0, 0, 0, 0, 1.0, 0.9638862213777634, 6580.815229784565
0.07462011515530327, 5304.618220546614, 13183.591344065331, 6.682196563127865e-05, 0, 0, 0, 0, 1.0, 0.9638862213777634, 6447.466046003518
0.07462011515530327, 5991.684685556136, 13183.591344065331, 6.682196563127865e-05, 0, 0, 0, 0, 1.0, 0.9638862213777634, 6030.918388518079
0.07462011515530327, 5991.684685556136, 13183.591344065331, 6.682196563127865e-05, 0, 0, 0, 0, 1.0, 0.8430269776130849, 5983.254188033287
0.06439515390312166, 5991.684685556136, 13183.591344065331, 6.682196563127865e-05, 0, 0, 0, 0, 1.0, 0.8430269776130849, 5791.196968660469
0.06439515390312166, 5991.684685556136, 11210.648354615576, 6.682196563127865e-05, 0, 0, 0, 0, 1.0, 0.8430269776130849, 5176.453048647243
0.06439515390312166, 7161.306356758465, 11210.648354615576, 6.682196563127865e-05, 0, 0, 0, 0, 1.0, 0.8430269776130849, 5124.355461914258
0.058379365303613096, 7161.306356758465, 11210.648354615576, 6.682196563127865e-05, 0, 0, 0, 0, 1.0, 0.8430269776130849, 4767.426119095594
0.058379365303613096, 7161.306356758465, 10064.159990373782, 6.682196563127865e-05, 0, 0, 0, 0, 1.0, 0.8430269776130849, 4454.375431592502
0.058379365303613096, 7599.0886671780045, 10064.159990373782, 6.682196563127865e-05, 0, 0, 0, 0, 1.0, 0.8430269776130849, 4408.035449428885
0.056504921594798814, 7599.0886671780045, 10064.159990373782, 6.682196563127865e-05, 0, 0, 0, 0, 1.0, 0.8430269776130849, 4346.963618058413
0.056504921594798814, 7599.0886671780045, 9709.282344568031, 6.682196563127865e-05, 0, 0, 0, 0, 1.0, 0.8430269776130849, 4269.548998289491
0.056504921594798814, 7599.0886671780045, 9333.352933931637, 6.682196563127865e-05, 0, 0, 0, 0, 1.0, 0.8430269776130849, 4222.938996207334
0.056504921594798814, 7936.442935740943, 9333.352933931637, 6.682196563127865e-05, 0, 0, 0, 0, 1.0, 0.8430269776130849, 4215.958343602994
0.05386857063917115, 7936.442935740943, 9333.352933931637, 6.682196563127865e-05, 0, 0, 0, 0, 1.0, 0.8430269776130849, 4179.378908718124
0.05386857063917115, 7936.442935740943, 8855.473374211162, 6.682196563127865e-05, 0, 0, 0, 0, 1.0, 0.8430269776130849, 4053.9615296779075
0.05386857063917115, 8408.80721528315, 8855.473374211162, 6.682196563127865e-05, 0, 0, 0, 0, 1.0, 0.8430269776130849, 3982.7692962987176
0.05386857063917115, 8408.80721528315, 8309.835641368498, 6.682196563127865e-05, 0, 0, 0, 0, 1.0, 0.8430269776130849, 3971.862729919259
0.05201694125778868, 8408.80721528315, 8309.835641368498, 6.682196563127865e-05, 0, 0, 0, 0, 1.0, 0.8430269776130849, 3901.015293003172
0.05201694125778868, 8738.645083291794, 8309.835641368498, 6.682196563127865e-05, 0, 0, 0, 0, 1.0, 0.8430269776130849, 3843.1678914423
0.05201694125778868, 8738.645083291794, 7965.476455086125, 6.682196563127865e-05, 0, 0, 0, 0, 1.0, 0.8430269776130849, 3813.2637505004823
0.051415033727480366, 8738.645083291794, 7965.476455086125, 6.682196563127865e-05, 0, 0, 0, 0, 1.0, 0.8430269776130849, 3800.1858689087776
0.051415033727480366, 8851.24282671676, 7965.476455086125, 6.682196563127865e-05, 0, 0, 0, 0, 1.0, 0.8430269776130849, 3785.6799672820766
0.051415033727480366, 8976.776765934175, 7965.476455086125, 6.682196563127865e-05, 0, 0, 0, 0, 1.0, 0.8430269776130849, 3774.9439784347755
0.051415033727480366, 9116.921432383186, 7965.476455086125, 6.682196563127865e-05, 0, 0, 0, 0, 1.0, 0.8430269776130849, 3769.600566080502
0.051415033727480366, 9116.921432383186, 7830.891247688204, 6.682196563127865e-05, 0, 0, 0, 0, 1.0, 0.8430269776130849, 3765.3715937334982
0.05046026220899284, 9116.921432383186, 7830.891247688204, 6.682196563127865e-05, 0, 0, 0, 0, 1.0, 0.8430269776130849, 3748.0114213530032
0.05046026220899284, 9306.85390227966, 7830.891247688204, 6.682196563127865e-05, 0, 0, 0, 0, 1.0, 0.8430269776130849, 3725.895469809208
0.05046026220899284, 9306.85390227966, 7655.279292327377, 6.682196563127865e-05, 0, 0, 0, 0, 1.0, 0.8430269776130849, 3707.799494807502
0.05046026220899284, 9541.970388539161, 7655.279292327377, 6.682196563127865e-05, 0, 0, 0, 0, 1.0, 0.8430269776130849, 3702.7670113136905
0.049772580826056435, 9541.970388539161, 7655.279292327377, 6.682196563127865e-05, 0, 0, 0, 0, 1.0, 0.8430269776130849, 3691.2803892380575
0.049772580826056435, 9687.090144349417, 7655.279292327377, 6.682196563127865e-05, 0, 0, 0, 0, 1.0, 0.8430269776130849, 3679.9868653117783
0.049772580826056435, 9687.090144349417, 7529.224307385356, 6.682196563127865e-05, 0, 0, 0, 0, 1.0, 0.8430269776130849, 3666.630380951216
0.049772580826056435, 9687.090144349417, 7392.959905877196, 6.682196563127865e-05, 0, 0, 0, 0, 1.0, 0.8430269776130849, 3659.043168959144
0.049275112434674036, 9687.090144349417, 7392.959905877196, 6.682196563127865e-05, 0, 0, 0, 0, 1.0, 0.8430269776130849, 3654.910066326673
0.049275112434674036, 9794.722390609504, 7392.959905877196, 6.682196563127865e-05, 0, 0, 0, 0, 1.0, 0.8430269776130849, 3646.021594587986
0.049275112434674036, 9914.499625477098, 7392.959905877196, 6.682196563127865e-05, 0, 0, 0, 0, 1.0, 0.8430269776130849, 3639.7151301599188
0.049275112434674036, 9914.499625477098, 7294.773548999237, 6.682196563127865e-05, 0, 0, 0, 0, 1.0, 0.8430269776130849, 3633.2974569402904
