W, K, Conc_treshold, Max_effect, empty_1, empty_2, empty_3, empty_4, P_comp, D_comp, Deviation
0.27413167740289324, 6058.620536689231, 6914.586529093938, 0.008744048837705059, 0, 0, 0, 0, 1.0, 0.07588288252087146, 14405.056107780076
0.10084740829036647, 6058.620536689231, 6914.586529093938, 0.008744048837705059, 0, 0, 0, 0, 1.0, 0.07588288252087146, 13253.920112178843
0.10084740829036647, 18201.101968305895, 6914.586529093938, 0.008744048837705059, 0, 0, 0, 0, 1.0, 0.07588288252087146, 12616.622810788474
0.10084740829036647, 18201.101968305895, 6914.586529093938, 0.011832776331649246, 0, 0, 0, 0, 1.0, 0.07588288252087146, 12532.298239999684
0.10084740829036647, 18201.101968305895, 6914.586529093938, 0.011832776331649246, 0, 0, 0, 0, 1.0, 0.10584133490755106, 12402.64718817155
0.10084740829036647, 18201.101968305895, 6914.586529093938, 0.014209145919856168, 0, 0, 0, 0, 1.0, 0.10584133490755106, 12336.12049381922
0.10084740829036647, 22260.101152152427, 6914.586529093938, 0.014209145919856168, 0, 0, 0, 0, 1.0, 0.10584133490755106, 12293.240937696626
0.10084740829036647, 27777.907623439572, 6914.586529093938, 0.014209145919856168, 0, 0, 0, 0, 1.0, 0.10584133490755106, 12272.559174394828
0.09782301345153273, 27777.907623439572, 6914.586529093938, 0.014209145919856168, 0, 0, 0, 0, 1.0, 0.10584133490755106, 12258.047039004023
