W, K, Conc_treshold, Max_effect, empty_1, empty_2, empty_3, empty_4, P_comp, D_comp, Deviation
0.04023299718750668, 9707.051067394588, 1188.6586392606514, 0.008869043334521496, 0, 0, 0, 0, 1.0, 0.3344613607612002, 15438.15824905401
0.04023299718750668, 71725.94489216326, 1188.6586392606514, 0.008869043334521496, 0, 0, 0, 0, 1.0, 0.3344613607612002, 15308.866694249446
0.04023299718750668, 529987.0305570026, 1188.6586392606514, 0.008869043334521496, 0, 0, 0, 0, 1.0, 0.3344613607612002, 15288.809566726415
0.10936462515924329, 529987.0305570026, 1188.6586392606514, 0.008869043334521496, 0, 0, 0, 0, 1.0, 0.3344613607612002, 12313.537706627161
0.09531502750084392, 529987.0305570026, 1188.6586392606514, 0.008869043334521496, 0, 0, 0, 0, 1.0, 0.3344613607612002, 12125.457370771113
0.09531502750084392, 529987.0305570026, 1382.7516697702752, 0.008869043334521496, 0, 0, 0, 0, 1.0, 0.3344613607612002, 11983.018872855662
0.09531502750084392, 529987.0305570026, 1502.6992297378824, 0.008869043334521496, 0, 0, 0, 0, 1.0, 0.3344613607612002, 11970.28709838756
0.09105232665934508, 529987.0305570026, 1502.6992297378824, 0.008869043334521496, 0, 0, 0, 0, 1.0, 0.3344613607612002, 11934.790657805888
0.09105232665934508, 529987.0305570026, 1502.6992297378824, 0.008869043334521496, 0, 0, 0, 0, 1.0, 0.3517250621545212, 11922.60234490908
