W, K, Max_effect, TransitionWidth, TransitionConc, empty_2, empty_3, empty_4, P_comp, D_comp, Deviation
0.16555495832818495, 4823.943598972088, 0.017683108102062854, 3346.237669851325, 3432.148141916062, 0, 0, 0, 1.0, 0.014928838539426654, 15079.934980980435
0.16555495832818495, 4823.943598972088, 0.017683108102062854, 3346.237669851325, 3432.148141916062, 0, 0, 0, 1.0, 0.11031002545970146, 15013.844488161278
0.16555495832818495, 4823.943598972088, 0.13066147776959752, 3346.237669851325, 3432.148141916062, 0, 0, 0, 1.0, 0.11031002545970146, 14791.900276591043
0.16555495832818495, 35644.38987088218, 0.13066147776959752, 3346.237669851325, 3432.148141916062, 0, 0, 0, 1.0, 0.11031002545970146, 11721.364794998823
0.16555495832818495, 35644.38987088218, 0.13066147776959752, 452.86402282635197, 3432.148141916062, 0, 0, 0, 1.0, 0.11031002545970146, 11461.490888372053
0.16555495832818495, 35644.38987088218, 0.13066147776959752, 61.288480796876186, 3432.148141916062, 0, 0, 0, 1.0, 0.11031002545970146, 11438.854252003106
0.16555495832818495, 96891.49727252868, 0.13066147776959752, 61.288480796876186, 3432.148141916062, 0, 0, 0, 1.0, 0.11031002545970146, 10843.822239446172
0.16555495832818495, 96891.49727252868, 0.13066147776959752, 61.288480796876186, 3432.148141916062, 0, 0, 0, 1.0, 0.036719017717533574, 10646.297469653004
0.16555495832818495, 96891.49727252868, 0.13066147776959752, 61.288480796876186, 3432.148141916062, 0, 0, 0, 1.0, 0.010949511186706343, 10610.125399216899
