W, K, Scale, Min_effect, empty_1, empty_2, empty_3, empty_4, P_comp, D_comp, Deviation
0.018066399856945248, 1335.9371254303933, 1745.701811620138, 0.08464240014607304, 0, 0, 0, 0, 1.0, 1.502643714777536, 17042.52037364197
0.1334936420486811, 1335.9371254303933, 1745.701811620138, 0.08464240014607304, 0, 0, 0, 0, 1.0, 1.502643714777536, 16390.059164348106
0.9863920099482723, 1335.9371254303933, 1745.701811620138, 0.08464240014607304, 0, 0, 0, 0, 1.0, 1.502643714777536, 15351.745530862405
7.288505897044744, 1335.9371254303933, 1745.701811620138, 0.08464240014607304, 0, 0, 0, 0, 1.0, 1.502643714777536, 14977.061542773943
53.855178950650476, 1335.9371254303933, 1745.701811620138, 0.08464240014607304, 0, 0, 0, 0, 1.0, 1.502643714777536, 14768.17258270513
53.855178950650476, 2202.5879550150744, 1745.701811620138, 0.08464240014607304, 0, 0, 0, 0, 1.0, 1.502643714777536, 14012.951717916148
53.855178950650476, 2202.5879550150744, 3025.7429332871834, 0.08464240014607304, 0, 0, 0, 0, 1.0, 1.502643714777536, 13872.697797614192
98.6224154133173, 2202.5879550150744, 3025.7429332871834, 0.08464240014607304, 0, 0, 0, 0, 1.0, 1.502643714777536, 13711.185855309537
98.6224154133173, 2248.874541294243, 3025.7429332871834, 0.08464240014607304, 0, 0, 0, 0, 1.0, 1.502643714777536, 13675.694722644745
