W, K, Scale, Min_effect, empty_1, empty_2, empty_3, empty_4, P_comp, D_comp, Deviation
0.008305623657690017, 1374.1286531368553, 608.9134210395297, 0.0038438157854317535, 0, 0, 0, 0, 1.0, 0.08678904467300222, 17063.89034192596
0.008305623657690017, 1374.1286531368553, 608.9134210395297, 0.0038438157854317535, 0, 0, 0, 0, 1.0, 0.6412891198614117, 16944.53357817777
0.008305623657690017, 1374.1286531368553, 4499.295427452864, 0.0038438157854317535, 0, 0, 0, 0, 1.0, 0.6412891198614117, 16485.713151546755
0.061370719143277117, 1374.1286531368553, 4499.295427452864, 0.0038438157854317535, 0, 0, 0, 0, 1.0, 0.6412891198614117, 15996.434065503443
0.4534716865813918, 1374.1286531368553, 4499.295427452864, 0.0038438157854317535, 0, 0, 0, 0, 1.0, 0.6412891198614117, 15278.874417152643
0.4534716865813918, 10153.513705176241, 4499.295427452864, 0.0038438157854317535, 0, 0, 0, 0, 1.0, 0.6412891198614117, 14585.036153192228
0.4534716865813918, 75024.88236880845, 4499.295427452864, 0.0038438157854317535, 0, 0, 0, 0, 1.0, 0.6412891198614117, 14526.514075515452
0.4534716865813918, 75024.88236880845, 5777.209686036413, 0.0038438157854317535, 0, 0, 0, 0, 1.0, 0.6412891198614117, 14505.757464716728
0.3444444517990352, 75024.88236880845, 5777.209686036413, 0.0038438157854317535, 0, 0, 0, 0, 1.0, 0.6412891198614117, 14469.925686688424
