W, K, Scale, Min_effect, empty_1, empty_2, empty_3, empty_4, P_comp, D_comp, Deviation
0.11290942059966912, 3460.416574951478, 4309.317704771607, 0.7137332357293157, 0, 0, 0, 0, 1.0, 0.8206316011153162, 17067.40274501403
0.8342940429087111, 3460.416574951478, 4309.317704771607, 0.7137332357293157, 0, 0, 0, 0, 1.0, 0.8206316011153162, 16224.877464126792
0.8342940429087111, 3460.416574951478, 4309.317704771607, 0.096593289612811, 0, 0, 0, 0, 1.0, 0.8206316011153162, 14902.35594196044
0.8342940429087111, 3460.416574951478, 4309.317704771607, 0.013072480208505936, 0, 0, 0, 0, 1.0, 0.8206316011153162, 14631.071263056976
0.8342940429087111, 3460.416574951478, 4309.317704771607, 0.0017691678116231646, 0, 0, 0, 0, 1.0, 0.8206316011153162, 14474.94847204959
6.164645486056122, 3460.416574951478, 4309.317704771607, 0.0017691678116231646, 0, 0, 0, 0, 1.0, 0.8206316011153162, 14324.905105475396
6.164645486056122, 3460.416574951478, 4309.317704771607, 0.0017691678116231646, 0, 0, 0, 0, 1.0, 2.2307079691710157, 13365.356629651575
6.164645486056122, 3015.8719103697276, 4309.317704771607, 0.0017691678116231646, 0, 0, 0, 0, 1.0, 2.2307079691710157, 13351.338050421835
6.164645486056122, 3015.8719103697276, 5012.975176413883, 0.0017691678116231646, 0, 0, 0, 0, 1.0, 2.2307079691710157, 13306.907010631505
