W, K, Scale, Min_effect, empty_1, empty_2, empty_3, empty_4, P_comp, D_comp, Deviation
0.015128909932748014, 1593.624262119404, 3709.893773164052, 0.03671790673153031, 0, 0, 0, 0, 1.0, 0.14252748163332474, 17018.242281026174
0.1117883642087442, 1593.624262119404, 3709.893773164052, 0.03671790673153031, 0, 0, 0, 0, 1.0, 0.14252748163332474, 16781.62595551045
0.1117883642087442, 1593.624262119404, 27412.613210982683, 0.03671790673153031, 0, 0, 0, 0, 1.0, 0.14252748163332474, 15756.517582437762
0.8260104943461022, 1593.624262119404, 27412.613210982683, 0.03671790673153031, 0, 0, 0, 0, 1.0, 0.14252748163332474, 15087.917126215543
6.103437881028788, 1593.624262119404, 27412.613210982683, 0.03671790673153031, 0, 0, 0, 0, 1.0, 0.14252748163332474, 14777.867380001708
45.09864489926013, 1593.624262119404, 27412.613210982683, 0.03671790673153031, 0, 0, 0, 0, 1.0, 0.14252748163332474, 14490.5727046493
45.09864489926013, 1593.624262119404, 74515.20836199059, 0.03671790673153031, 0, 0, 0, 0, 1.0, 0.14252748163332474, 14470.181850466597
45.09864489926013, 2098.0552252934745, 74515.20836199059, 0.03671790673153031, 0, 0, 0, 0, 1.0, 0.14252748163332474, 13784.984466254211
45.09864489926013, 2178.906907467623, 74515.20836199059, 0.03671790673153031, 0, 0, 0, 0, 1.0, 0.14252748163332474, 13715.709726796116
