W, K, Scale, Min_effect, Max_effect, empty_2, empty_3, Flag_consumption_model, Init_conc_comp, D_comp, Deviation
0.054066058034364324, 17147.7233880027, 3.2529867785507918, 0.0272461424669591, 0.027426893174453845, 0, 0, 1, 1.0, 4.4818845584118074e-06, 11096.141600139896
0.054066058034364324, 17147.7233880027, 3.2529867785507918, 0.20132327516781753, 0.027426893174453845, 0, 0, 1, 1.0, 4.4818845584118074e-06, 10366.465182630702
0.054066058034364324, 6308.294897340906, 3.2529867785507918, 0.20132327516781753, 0.027426893174453845, 0, 0, 1, 1.0, 4.4818845584118074e-06, 6645.151500575898
0.054066058034364324, 6308.294897340906, 3.2529867785507918, 0.20132327516781753, 0.027426893174453845, 0, 0, 1, 1.0, 1.491889769968227e-06, 6453.495289977164
0.054066058034364324, 6308.294897340906, 3.2529867785507918, 0.20132327516781753, 0.027426893174453845, 0, 0, 1, 1.0, 4.448774706138057e-07, 6403.641277121507
0.054066058034364324, 6308.294897340906, 3.2529867785507918, 0.20132327516781753, 0.027426893174453845, 0, 0, 1, 1.0, 1.175423738772727e-07, 6390.184888586805
0.054066058034364324, 7575.186092384091, 3.2529867785507918, 0.20132327516781753, 0.027426893174453845, 0, 0, 1, 1.0, 1.175423738772727e-07, 6133.676073364497
0.054066058034364324, 7575.186092384091, 3.9784302545663373, 0.20132327516781753, 0.027426893174453845, 0, 0, 1, 1.0, 1.175423738772727e-07, 6118.38246292749
0.0511542365325662, 7575.186092384091, 3.9784302545663373, 0.20132327516781753, 0.027426893174453845, 0, 0, 1, 1.0, 1.175423738772727e-07, 5953.231259327061
0.0511542365325662, 8050.831090199392, 3.9784302545663373, 0.20132327516781753, 0.027426893174453845, 0, 0, 1, 1.0, 1.175423738772727e-07, 5857.376058876508
0.0511542365325662, 8608.606661681579, 3.9784302545663373, 0.20132327516781753, 0.027426893174453845, 0, 0, 1, 1.0, 1.175423738772727e-07, 5813.33768170463
0.0511542365325662, 8608.606661681579, 3.695816365007366, 0.20132327516781753, 0.027426893174453845, 0, 0, 1, 1.0, 1.175423738772727e-07, 5791.1573262521115
0.0511542365325662, 8608.606661681579, 3.4080729555217486, 0.20132327516781753, 0.027426893174453845, 0, 0, 1, 1.0, 1.175423738772727e-07, 5776.06772330318
0.0511542365325662, 8608.606661681579, 3.117361960893827, 0.20132327516781753, 0.027426893174453845, 0, 0, 1, 1.0, 1.175423738772727e-07, 5770.139406829048
0.04870625061530111, 8608.606661681579, 3.117361960893827, 0.20132327516781753, 0.027426893174453845, 0, 0, 1, 1.0, 1.175423738772727e-07, 5619.317633404529
0.04870625061530111, 9085.722407135108, 3.117361960893827, 0.20132327516781753, 0.027426893174453845, 0, 0, 1, 1.0, 1.175423738772727e-07, 5557.791258953924
0.04870625061530111, 9085.722407135108, 3.117361960893827, 0.21363049457074365, 0.027426893174453845, 0, 0, 1, 1.0, 1.175423738772727e-07, 5529.923743448684
0.04870625061530111, 9085.722407135108, 3.117361960893827, 0.22803915904114652, 0.027426893174453845, 0, 0, 1, 1.0, 1.175423738772727e-07, 5508.927079588834
0.04870625061530111, 9085.722407135108, 2.901392127857254, 0.22803915904114652, 0.027426893174453845, 0, 0, 1, 1.0, 1.175423738772727e-07, 5498.7073971398095
0.04682041483070654, 9085.722407135108, 2.901392127857254, 0.22803915904114652, 0.027426893174453845, 0, 0, 1, 1.0, 1.175423738772727e-07, 5473.839568075303
0.04682041483070654, 9489.074357779371, 2.901392127857254, 0.22803915904114652, 0.027426893174453845, 0, 0, 1, 1.0, 1.175423738772727e-07, 5405.732625188742
0.04682041483070654, 9953.473727473478, 2.901392127857254, 0.22803915904114652, 0.027426893174453845, 0, 0, 1, 1.0, 1.175423738772727e-07, 5356.209485575918
0.04682041483070654, 10490.606124757442, 2.901392127857254, 0.22803915904114652, 0.027426893174453845, 0, 0, 1, 1.0, 1.175423738772727e-07, 5334.389959753077
0.04682041483070654, 10490.606124757442, 2.738406585787293, 0.22803915904114652, 0.027426893174453845, 0, 0, 1, 1.0, 1.175423738772727e-07, 5320.998983052897
0.04682041483070654, 10490.606124757442, 2.5696772702634347, 0.22803915904114652, 0.027426893174453845, 0, 0, 1, 1.0, 1.175423738772727e-07, 5310.795376854984
0.04682041483070654, 10490.606124757442, 2.3960578574887728, 0.22803915904114652, 0.027426893174453845, 0, 0, 1, 1.0, 1.175423738772727e-07, 5304.554834605102
0.045053190545952415, 10490.606124757442, 2.3960578574887728, 0.22803915904114652, 0.027426893174453845, 0, 0, 1, 1.0, 1.175423738772727e-07, 5268.606487651165
0.045053190545952415, 10944.130356371192, 2.3960578574887728, 0.22803915904114652, 0.027426893174453845, 0, 0, 1, 1.0, 1.175423738772727e-07, 5220.551369922512
0.045053190545952415, 11465.68485721255, 2.3960578574887728, 0.22803915904114652, 0.027426893174453845, 0, 0, 1, 1.0, 1.175423738772727e-07, 5189.037138002923
0.045053190545952415, 11465.68485721255, 2.3960578574887728, 0.24002144636362635, 0.027426893174453845, 0, 0, 1, 1.0, 1.175423738772727e-07, 5169.1168375871
0.045053190545952415, 11465.68485721255, 2.2648144186400323, 0.24002144636362635, 0.027426893174453845, 0, 0, 1, 1.0, 1.175423738772727e-07, 5157.0058261908525
0.045053190545952415, 11465.68485721255, 2.1287343777728953, 0.24002144636362635, 0.027426893174453845, 0, 0, 1, 1.0, 1.175423738772727e-07, 5147.045626238871
0.045053190545952415, 11465.68485721255, 1.9884707712607221, 0.24002144636362635, 0.027426893174453845, 0, 0, 1, 1.0, 1.175423738772727e-07, 5139.72058154702
0.04421655775527361, 11465.68485721255, 1.9884707712607221, 0.24002144636362635, 0.027426893174453845, 0, 0, 1, 1.0, 1.175423738772727e-07, 5125.145726336034
0.04421655775527361, 11704.549024260188, 1.9884707712607221, 0.24002144636362635, 0.027426893174453845, 0, 0, 1, 1.0, 1.175423738772727e-07, 5108.605662043341
0.04421655775527361, 11973.05114707981, 1.9884707712607221, 0.24002144636362635, 0.027426893174453845, 0, 0, 1, 1.0, 1.175423738772727e-07, 5095.264619719645
0.04421655775527361, 12275.523039844471, 1.9884707712607221, 0.24002144636362635, 0.027426893174453845, 0, 0, 1, 1.0, 1.175423738772727e-07, 5086.528460798368
0.04421655775527361, 12275.523039844471, 1.9884707712607221, 0.24669976357447945, 0.027426893174453845, 0, 0, 1, 1.0, 1.175423738772727e-07, 5080.320238838315
0.04421655775527361, 12275.523039844471, 1.9884707712607221, 0.254260728263576, 0.027426893174453845, 0, 0, 1, 1.0, 1.175423738772727e-07, 5074.815301348915
0.043851002628743134, 12275.523039844471, 1.9884707712607221, 0.254260728263576, 0.027426893174453845, 0, 0, 1, 1.0, 1.175423738772727e-07, 5065.040533109314
