W, K, Conc_treshold, Min_effect, empty_1, empty_2, empty_3, empty_4, P_comp, D_comp, Deviation
0.9136929856531424, 3060.1443904401544, 53.71989902794047, 0.0025184053435564993, 0, 0, 0, 0, 1.0, 0.18382253273515484, 19659.74040667515
0.12365489900467433, 3060.1443904401544, 53.71989902794047, 0.0025184053435564993, 0, 0, 0, 0, 1.0, 0.18382253273515484, 13750.127456241507
0.12365489900467433, 3060.1443904401544, 396.9393475463423, 0.0025184053435564993, 0, 0, 0, 0, 1.0, 0.18382253273515484, 11125.270322996526
0.12365489900467433, 3060.1443904401544, 396.9393475463423, 0.0025184053435564993, 0, 0, 0, 0, 1.0, 0.4996814503952894, 10205.097459854474
0.12365489900467433, 4028.773959538543, 396.9393475463423, 0.0025184053435564993, 0, 0, 0, 0, 1.0, 0.4996814503952894, 9796.689641659263
0.09137707378329661, 4028.773959538543, 396.9393475463423, 0.0025184053435564993, 0, 0, 0, 0, 1.0, 0.4996814503952894, 8792.064137416042
0.09137707378329661, 5619.328098152517, 396.9393475463423, 0.0025184053435564993, 0, 0, 0, 0, 1.0, 0.4996814503952894, 8539.828511491749
0.0633686723984539, 5619.328098152517, 396.9393475463423, 0.0025184053435564993, 0, 0, 0, 0, 1.0, 0.4996814503952894, 8156.019655747949
0.0633686723984539, 5619.328098152517, 265.3782036345178, 0.0025184053435564993, 0, 0, 0, 0, 1.0, 0.4996814503952894, 6614.661901870526
0.0633686723984539, 5619.328098152517, 265.3782036345178, 0.0025184053435564993, 0, 0, 0, 0, 1.0, 0.32088427566368705, 6251.458091677194
0.056102186923657746, 5619.328098152517, 265.3782036345178, 0.0025184053435564993, 0, 0, 0, 0, 1.0, 0.32088427566368705, 6143.2293556211625
0.056102186923657746, 6424.934279737876, 265.3782036345178, 0.0025184053435564993, 0, 0, 0, 0, 1.0, 0.32088427566368705, 5557.890951790409
0.056102186923657746, 7445.115148580376, 265.3782036345178, 0.0025184053435564993, 0, 0, 0, 0, 1.0, 0.32088427566368705, 5288.0977781064985
0.056102186923657746, 7445.115148580376, 244.71677958759753, 0.0025184053435564993, 0, 0, 0, 0, 1.0, 0.32088427566368705, 5273.391210864586
0.05131663134012674, 7445.115148580376, 244.71677958759753, 0.0025184053435564993, 0, 0, 0, 0, 1.0, 0.32088427566368705, 5205.844859890291
0.05131663134012674, 8212.308121644206, 244.71677958759753, 0.0025184053435564993, 0, 0, 0, 0, 1.0, 0.32088427566368705, 4964.663619461945
0.05131663134012674, 8212.308121644206, 219.69013246986935, 0.0025184053435564993, 0, 0, 0, 0, 1.0, 0.32088427566368705, 4832.131558307893
0.05131663134012674, 8212.308121644206, 195.10663236212943, 0.0025184053435564993, 0, 0, 0, 0, 1.0, 0.32088427566368705, 4772.561396828617
0.0496689577781963, 8212.308121644206, 195.10663236212943, 0.0025184053435564993, 0, 0, 0, 0, 1.0, 0.32088427566368705, 4748.069082536599
0.0496689577781963, 8512.470839074194, 195.10663236212943, 0.0025184053435564993, 0, 0, 0, 0, 1.0, 0.32088427566368705, 4685.594597048528
0.0496689577781963, 8855.33670606168, 195.10663236212943, 0.0025184053435564993, 0, 0, 0, 0, 1.0, 0.32088427566368705, 4647.890402953966
0.0496689577781963, 8855.33670606168, 186.8132374766335, 0.0025184053435564993, 0, 0, 0, 0, 1.0, 0.32088427566368705, 4627.390491299219
0.0496689577781963, 8855.33670606168, 178.09708951562556, 0.0025184053435564993, 0, 0, 0, 0, 1.0, 0.32088427566368705, 4616.94945566632
0.048380693973348564, 8855.33670606168, 178.09708951562556, 0.0025184053435564993, 0, 0, 0, 0, 1.0, 0.32088427566368705, 4589.807572749559
0.048380693973348564, 9115.055721313656, 178.09708951562556, 0.0025184053435564993, 0, 0, 0, 0, 1.0, 0.32088427566368705, 4553.106947584602
0.048380693973348564, 9409.553192176865, 178.09708951562556, 0.0025184053435564993, 0, 0, 0, 0, 1.0, 0.32088427566368705, 4532.266518643594
0.048380693973348564, 9409.553192176865, 171.97534171773543, 0.0025184053435564993, 0, 0, 0, 0, 1.0, 0.32088427566368705, 4519.224575300836
0.048380693973348564, 9409.553192176865, 165.4841775244795, 0.0025184053435564993, 0, 0, 0, 0, 1.0, 0.32088427566368705, 4512.136893357492
0.04736764090566807, 9409.553192176865, 165.4841775244795, 0.0025184053435564993, 0, 0, 0, 0, 1.0, 0.32088427566368705, 4493.375940633281
0.04736764090566807, 9631.155023820784, 165.4841775244795, 0.0025184053435564993, 0, 0, 0, 0, 1.0, 0.32088427566368705, 4469.711337972561
0.04736764090566807, 9880.949557411715, 165.4841775244795, 0.0025184053435564993, 0, 0, 0, 0, 1.0, 0.32088427566368705, 4455.690407914097
0.04736764090566807, 9880.949557411715, 160.88817895372372, 0.0025184053435564993, 0, 0, 0, 0, 1.0, 0.32088427566368705, 4446.476291744382
0.04736764090566807, 9880.949557411715, 155.9798729787569, 0.0025184053435564993, 0, 0, 0, 0, 1.0, 0.32088427566368705, 4440.748018117678
0.04656731416925935, 9880.949557411715, 155.9798729787569, 0.0025184053435564993, 0, 0, 0, 0, 1.0, 0.32088427566368705, 4433.104256086706
0.04656731416925935, 10067.909529477562, 155.9798729787569, 0.0025184053435564993, 0, 0, 0, 0, 1.0, 0.32088427566368705, 4416.17074870644
0.04656731416925935, 10277.653897443235, 155.9798729787569, 0.0025184053435564993, 0, 0, 0, 0, 1.0, 0.32088427566368705, 4404.8683300845505
0.04656731416925935, 10277.653897443235, 152.481940288296, 0.0025184053435564993, 0, 0, 0, 0, 1.0, 0.32088427566368705, 4397.843337633878
0.04656731416925935, 10277.653897443235, 148.7247479518289, 0.0025184053435564993, 0, 0, 0, 0, 1.0, 0.32088427566368705, 4392.819387167304
0.04624891183795699, 10277.653897443235, 148.7247479518289, 0.0025184053435564993, 0, 0, 0, 0, 1.0, 0.32088427566368705, 4387.727580788548
