W, K, Conc_treshold, Min_effect, empty_1, empty_2, empty_3, empty_4, P_comp, D_comp, Deviation
0.03683447411932228, 1197.6481425894242, 565.3063377317004, 0.00031104435934037247, 0, 0, 0, 0, 1.0, 0.02982422867171778, 15489.05784641966
0.03683447411932228, 1197.6481425894242, 76.50589333237191, 0.00031104435934037247, 0, 0, 0, 0, 1.0, 0.02982422867171778, 13844.737228795486
0.03683447411932228, 8849.489312373351, 76.50589333237191, 0.00031104435934037247, 0, 0, 0, 0, 1.0, 0.02982422867171778, 8048.814133886703
0.03683447411932228, 65389.37297601392, 76.50589333237191, 0.00031104435934037247, 0, 0, 0, 0, 1.0, 0.02982422867171778, 5115.996252382419
0.03683447411932228, 65389.37297601392, 76.50589333237191, 0.00031104435934037247, 0, 0, 0, 0, 1.0, 0.004036270434600431, 4708.932929462307
0.03683447411932228, 483165.7451936667, 76.50589333237191, 0.00031104435934037247, 0, 0, 0, 0, 1.0, 0.004036270434600431, 4511.284199450353
0.03683447411932228, 483165.7451936667, 76.50589333237191, 0.00031104435934037247, 0, 0, 0, 0, 1.0, 0.0005462498024862151, 4489.796196524768
0.03683447411932228, 483165.7451936667, 46.4031699547879, 0.00031104435934037247, 0, 0, 0, 0, 1.0, 0.0005462498024862151, 4475.397284175233
0.03683447411932228, 483165.7451936667, 61.09119665657385, 0.00031104435934037247, 0, 0, 0, 0, 1.0, 0.0005462498024862151, 4449.204258452835
