W, K, Conc_treshold, Min_effect, empty_1, empty_2, empty_3, empty_4, P_comp, D_comp, Deviation
0.9922021897385619, 3460.1545765887913, 3841.2350981898685, 0.054442821440472654, 0, 0, 0, 0, 1.0, 0.11450759435133845, 21754.15404589615
0.1342799643762556, 3460.1545765887913, 3841.2350981898685, 0.054442821440472654, 0, 0, 0, 0, 1.0, 0.11450759435133845, 14959.051924121097
0.1342799643762556, 3460.1545765887913, 3841.2350981898685, 0.007368034659846697, 0, 0, 0, 0, 1.0, 0.11450759435133845, 10222.351650394345
0.08144491537931924, 3460.1545765887913, 3841.2350981898685, 0.007368034659846697, 0, 0, 0, 0, 1.0, 0.11450759435133845, 9460.465017813445
0.08144491537931924, 5997.323362160202, 3841.2350981898685, 0.007368034659846697, 0, 0, 0, 0, 1.0, 0.11450759435133845, 8079.059133717409
0.06018522599423317, 5997.323362160202, 3841.2350981898685, 0.007368034659846697, 0, 0, 0, 0, 1.0, 0.11450759435133845, 7825.600296369821
0.06018522599423317, 5997.323362160202, 2753.9712338812774, 0.007368034659846697, 0, 0, 0, 0, 1.0, 0.11450759435133845, 6570.124535115924
0.06018522599423317, 5997.323362160202, 1909.839018575459, 0.007368034659846697, 0, 0, 0, 0, 1.0, 0.11450759435133845, 5910.171300076114
0.06018522599423317, 5997.323362160202, 1909.839018575459, 0.007368034659846697, 0, 0, 0, 0, 1.0, 0.09362780459479594, 5883.972411772914
0.06018522599423317, 6699.519623801331, 1909.839018575459, 0.007368034659846697, 0, 0, 0, 0, 1.0, 0.09362780459479594, 5820.825332949463
0.05328378630910747, 6699.519623801331, 1909.839018575459, 0.007368034659846697, 0, 0, 0, 0, 1.0, 0.09362780459479594, 5417.307193300702
0.05328378630910747, 7659.985773546389, 1909.839018575459, 0.007368034659846697, 0, 0, 0, 0, 1.0, 0.09362780459479594, 5077.838725004731
0.05328378630910747, 7659.985773546389, 1648.1397445634063, 0.007368034659846697, 0, 0, 0, 0, 1.0, 0.09362780459479594, 4984.79272196338
0.051167515209888395, 7659.985773546389, 1648.1397445634063, 0.007368034659846697, 0, 0, 0, 0, 1.0, 0.09362780459479594, 4923.384954872852
0.051167515209888395, 8009.19354545249, 1648.1397445634063, 0.007368034659846697, 0, 0, 0, 0, 1.0, 0.09362780459479594, 4838.778836858396
0.051167515209888395, 8411.737218189204, 1648.1397445634063, 0.007368034659846697, 0, 0, 0, 0, 1.0, 0.09362780459479594, 4795.262590137878
0.051167515209888395, 8411.737218189204, 1561.5914892236408, 0.007368034659846697, 0, 0, 0, 0, 1.0, 0.09362780459479594, 4767.462224851228
0.051167515209888395, 8411.737218189204, 1471.6284475977966, 0.007368034659846697, 0, 0, 0, 0, 1.0, 0.09362780459479594, 4755.655408555767
0.049524629466235086, 8411.737218189204, 1471.6284475977966, 0.007368034659846697, 0, 0, 0, 0, 1.0, 0.09362780459479594, 4678.883949721957
0.049524629466235086, 8719.1891384434, 1471.6284475977966, 0.007368034659846697, 0, 0, 0, 0, 1.0, 0.09362780459479594, 4636.75601559234
0.049524629466235086, 8719.1891384434, 1414.649116340559, 0.007368034659846697, 0, 0, 0, 0, 1.0, 0.09362780459479594, 4617.29429430896
0.049524629466235086, 8719.1891384434, 1354.5166461923664, 0.007368034659846697, 0, 0, 0, 0, 1.0, 0.09362780459479594, 4605.198062397014
0.04835549380036484, 8719.1891384434, 1354.5166461923664, 0.007368034659846697, 0, 0, 0, 0, 1.0, 0.09362780459479594, 4591.204531212603
0.04835549380036484, 8951.360586435978, 1354.5166461923664, 0.007368034659846697, 0, 0, 0, 0, 1.0, 0.09362780459479594, 4552.7904516198205
0.04835549380036484, 9213.895895238307, 1354.5166461923664, 0.007368034659846697, 0, 0, 0, 0, 1.0, 0.09362780459479594, 4526.2049138257835
0.04835549380036484, 9511.586783907227, 1354.5166461923664, 0.007368034659846697, 0, 0, 0, 0, 1.0, 0.09362780459479594, 4516.891390381051
0.04835549380036484, 9511.586783907227, 1307.957719718129, 0.007368034659846697, 0, 0, 0, 0, 1.0, 0.09362780459479594, 4506.874806560065
0.04743413332877187, 9511.586783907227, 1307.957719718129, 0.007368034659846697, 0, 0, 0, 0, 1.0, 0.09362780459479594, 4478.4896575403045
0.04743413332877187, 9715.011357850773, 1307.957719718129, 0.007368034659846697, 0, 0, 0, 0, 1.0, 0.09362780459479594, 4463.062526779157
0.04743413332877187, 9943.806951793651, 1307.957719718129, 0.007368034659846697, 0, 0, 0, 0, 1.0, 0.09362780459479594, 4456.159198281271
0.04743413332877187, 9943.806951793651, 1274.89200203024, 0.007368034659846697, 0, 0, 0, 0, 1.0, 0.09362780459479594, 4445.899041511158
0.04743413332877187, 9943.806951793651, 1239.4843763173094, 0.007368034659846697, 0, 0, 0, 0, 1.0, 0.09362780459479594, 4438.3574465035235
0.04670497921211509, 9943.806951793651, 1239.4843763173094, 0.007368034659846697, 0, 0, 0, 0, 1.0, 0.09362780459479594, 4421.225433614437
0.04670497921211509, 10114.705675655654, 1239.4843763173094, 0.007368034659846697, 0, 0, 0, 0, 1.0, 0.09362780459479594, 4410.374368801033
0.04670497921211509, 10306.08860698095, 1239.4843763173094, 0.007368034659846697, 0, 0, 0, 0, 1.0, 0.09362780459479594, 4404.6170336169
0.04670497921211509, 10306.08860698095, 1214.1892194937589, 0.007368034659846697, 0, 0, 0, 0, 1.0, 0.09362780459479594, 4396.9610908748555
0.04670497921211509, 10306.08860698095, 1186.9603720651494, 0.007368034659846697, 0, 0, 0, 0, 1.0, 0.09362780459479594, 4390.722769880465
0.04612597923031651, 10306.08860698095, 1186.9603720651494, 0.007368034659846697, 0, 0, 0, 0, 1.0, 0.09362780459479594, 4383.17211188927
0.04612597923031651, 10448.482373755518, 1186.9603720651494, 0.007368034659846697, 0, 0, 0, 0, 1.0, 0.09362780459479594, 4374.770707335096
0.04612597923031651, 10607.38888351459, 1186.9603720651494, 0.007368034659846697, 0, 0, 0, 0, 1.0, 0.09362780459479594, 4369.32561505054
0.04612597923031651, 10607.38888351459, 1167.4153932193208, 0.007368034659846697, 0, 0, 0, 0, 1.0, 0.09362780459479594, 4363.333622664386
0.04612597923031651, 10607.38888351459, 1146.287431908299, 0.007368034659846697, 0, 0, 0, 0, 1.0, 0.09362780459479594, 4358.123994282614
