W, K, Conc_treshold, Max_effect, empty_1, empty_2, empty_3, empty_4, P_comp, D_comp, Deviation
0.00255676904705739, 4448.060899780738, 1478.0590142402787, 0.06954014274142321, 0, 0, 0, 0, 1.0, 0.7403361010201203, 16078.967140420807
0.006950018840182652, 4448.060899780738, 1478.0590142402787, 0.06954014274142321, 0, 0, 0, 0, 1.0, 0.7403361010201203, 16013.451503408327
0.006950018840182652, 4448.060899780738, 492.00310583987675, 0.06954014274142321, 0, 0, 0, 0, 1.0, 0.7403361010201203, 15922.279417297113
0.023306781515479096, 4448.060899780738, 492.00310583987675, 0.06954014274142321, 0, 0, 0, 0, 1.0, 0.7403361010201203, 13519.886594187927
0.08821212016341423, 4448.060899780738, 492.00310583987675, 0.06954014274142321, 0, 0, 0, 0, 1.0, 0.7403361010201203, 12938.61714093862
0.08821212016341423, 4448.060899780738, 2127.2493286940244, 0.06954014274142321, 0, 0, 0, 0, 1.0, 0.7403361010201203, 7646.600349849289
0.08821212016341423, 4448.060899780738, 2127.2493286940244, 0.031082631149301553, 0, 0, 0, 0, 1.0, 0.7403361010201203, 7126.541317490883
0.08821212016341423, 4448.060899780738, 2127.2493286940244, 0.048401917428521776, 0, 0, 0, 0, 1.0, 0.7403361010201203, 7057.22416137854
0.08821212016341423, 4448.060899780738, 2127.2493286940244, 0.03793786886468893, 0, 0, 0, 0, 1.0, 0.7403361010201203, 6936.072297119674
0.08821212016341423, 5085.75019187059, 2127.2493286940244, 0.03793786886468893, 0, 0, 0, 0, 1.0, 0.7403361010201203, 6820.3148600667255
0.07612468892900134, 5085.75019187059, 2127.2493286940244, 0.03793786886468893, 0, 0, 0, 0, 1.0, 0.7403361010201203, 6097.61051910399
0.07612468892900134, 5980.782742152371, 2127.2493286940244, 0.03793786886468893, 0, 0, 0, 0, 1.0, 0.7403361010201203, 5495.294282424351
0.07612468892900134, 5980.782742152371, 2127.2493286940244, 0.04534362465993964, 0, 0, 0, 0, 1.0, 0.7403361010201203, 5441.186891293149
0.06901312838379046, 5980.782742152371, 2127.2493286940244, 0.04534362465993964, 0, 0, 0, 0, 1.0, 0.7403361010201203, 5214.769837231527
0.06901312838379046, 6662.101185966295, 2127.2493286940244, 0.04534362465993964, 0, 0, 0, 0, 1.0, 0.7403361010201203, 4781.231663946137
0.06901312838379046, 6662.101185966295, 2127.2493286940244, 0.051056936340928456, 0, 0, 0, 0, 1.0, 0.7403361010201203, 4645.204102695775
0.06901312838379046, 6662.101185966295, 2127.2493286940244, 0.05817643722892784, 0, 0, 0, 0, 1.0, 0.7403361010201203, 4591.510839313278
0.0665796201174319, 6662.101185966295, 2127.2493286940244, 0.05817643722892784, 0, 0, 0, 0, 1.0, 0.7403361010201203, 4487.893563394396
0.0665796201174319, 6930.437740918078, 2127.2493286940244, 0.05817643722892784, 0, 0, 0, 0, 1.0, 0.7403361010201203, 4394.331124246426
0.0665796201174319, 6930.437740918078, 2036.8263713133606, 0.05817643722892784, 0, 0, 0, 0, 1.0, 0.7403361010201203, 4347.713884709219
0.06347321380506432, 6930.437740918078, 2036.8263713133606, 0.05817643722892784, 0, 0, 0, 0, 1.0, 0.7403361010201203, 4310.170885363859
0.06347321380506432, 6930.437740918078, 1932.5382664446786, 0.05817643722892784, 0, 0, 0, 0, 1.0, 0.7403361010201203, 4122.631200447374
0.06347321380506432, 7342.92621426905, 1932.5382664446786, 0.05817643722892784, 0, 0, 0, 0, 1.0, 0.7403361010201203, 4035.063090759481
0.06347321380506432, 7342.92621426905, 1932.5382664446786, 0.061996399582506724, 0, 0, 0, 0, 1.0, 0.7403361010201203, 4019.0342405476877
0.061291443132152394, 7342.92621426905, 1932.5382664446786, 0.061996399582506724, 0, 0, 0, 0, 1.0, 0.7403361010201203, 3945.0980796245935
0.061291443132152394, 7342.92621426905, 1859.5951161537964, 0.061996399582506724, 0, 0, 0, 0, 1.0, 0.7403361010201203, 3846.9408821665675
0.061291443132152394, 7660.3716439724585, 1859.5951161537964, 0.061996399582506724, 0, 0, 0, 0, 1.0, 0.7403361010201203, 3799.229901515327
0.061291443132152394, 7660.3716439724585, 1859.5951161537964, 0.06495090580504928, 0, 0, 0, 0, 1.0, 0.7403361010201203, 3787.0693546484667
0.059741969838988294, 7660.3716439724585, 1859.5951161537964, 0.06495090580504928, 0, 0, 0, 0, 1.0, 0.7403361010201203, 3716.723480033255
0.059741969838988294, 7879.201003320742, 1859.5951161537964, 0.06495090580504928, 0, 0, 0, 0, 1.0, 0.7403361010201203, 3662.7465962856522
0.059741969838988294, 8127.140231786652, 1859.5951161537964, 0.06495090580504928, 0, 0, 0, 0, 1.0, 0.7403361010201203, 3635.992372293954
0.059741969838988294, 8127.140231786652, 1859.5951161537964, 0.06720264138062378, 0, 0, 0, 0, 1.0, 0.7403361010201203, 3619.921549128002
0.059741969838988294, 8127.140231786652, 1859.5951161537964, 0.06976981756925876, 0, 0, 0, 0, 1.0, 0.7403361010201203, 3606.0735916767667
0.059741969838988294, 8127.140231786652, 1859.5951161537964, 0.0727071223221553, 0, 0, 0, 0, 1.0, 0.7403361010201203, 3595.4574552714676
0.059741969838988294, 8127.140231786652, 1859.5951161537964, 0.0760811838062461, 0, 0, 0, 0, 1.0, 0.7403361010201203, 3590.6910427998296
0.05826991307724913, 8127.140231786652, 1859.5951161537964, 0.0760811838062461, 0, 0, 0, 0, 1.0, 0.7403361010201203, 3511.895969667447
0.05826991307724913, 8127.140231786652, 1809.2547109199709, 0.0760811838062461, 0, 0, 0, 0, 1.0, 0.7403361010201203, 3453.481231646611
0.05826991307724913, 8376.224460427686, 1809.2547109199709, 0.0760811838062461, 0, 0, 0, 0, 1.0, 0.7403361010201203, 3439.3809775906643
0.05826991307724913, 8376.224460427686, 1809.2547109199709, 0.07865002592870467, 0, 0, 0, 0, 1.0, 0.7403361010201203, 3433.2619270968694
0.05826991307724913, 8376.224460427686, 1809.2547109199709, 0.08157604382750241, 0, 0, 0, 0, 1.0, 0.7403361010201203, 3429.356172187465
0.05711093850909426, 8376.224460427686, 1809.2547109199709, 0.08157604382750241, 0, 0, 0, 0, 1.0, 0.7403361010201203, 3360.637096107687
0.05711093850909426, 8376.224460427686, 1769.710108519782, 0.08157604382750241, 0, 0, 0, 0, 1.0, 0.7403361010201203, 3326.5947132421043
0.05711093850909426, 8582.33861083181, 1769.710108519782, 0.08157604382750241, 0, 0, 0, 0, 1.0, 0.7403361010201203, 3314.9839829511548
0.05711093850909426, 8582.33861083181, 1769.710108519782, 0.08378682083432955, 0, 0, 0, 0, 1.0, 0.7403361010201203, 3310.55481293669
0.05627715148908768, 8582.33861083181, 1769.710108519782, 0.08378682083432955, 0, 0, 0, 0, 1.0, 0.7403361010201203, 3267.2502689392823
0.05627715148908768, 8722.310728997587, 1769.710108519782, 0.08378682083432955, 0, 0, 0, 0, 1.0, 0.7403361010201203, 3247.560500632045
0.05627715148908768, 8878.918179215638, 1769.710108519782, 0.08378682083432955, 0, 0, 0, 0, 1.0, 0.7403361010201203, 3236.6039078547165
0.05627715148908768, 8878.918179215638, 1769.710108519782, 0.08544311278078583, 0, 0, 0, 0, 1.0, 0.7403361010201203, 3229.297432349552
0.05627715148908768, 8878.918179215638, 1769.710108519782, 0.08730287511890059, 0, 0, 0, 0, 1.0, 0.7403361010201203, 3222.329907012772
0.05627715148908768, 8878.918179215638, 1769.710108519782, 0.08939540156059651, 0, 0, 0, 0, 1.0, 0.7403361010201203, 3216.444579506103
0.05627715148908768, 8878.918179215638, 1769.710108519782, 0.09175515559025661, 0, 0, 0, 0, 1.0, 0.7403361010201203, 3210.1156510211913
0.05627715148908768, 8878.918179215638, 1769.710108519782, 0.09442289289830649, 0, 0, 0, 0, 1.0, 0.7403361010201203, 3205.9373893807947
0.055397013583198554, 8878.918179215638, 1769.710108519782, 0.09442289289830649, 0, 0, 0, 0, 1.0, 0.7403361010201203, 3170.692062584877
0.055397013583198554, 8878.918179215638, 1739.289206193757, 0.09442289289830649, 0, 0, 0, 0, 1.0, 0.7403361010201203, 3139.5044303462937
0.055397013583198554, 9049.892421580753, 1739.289206193757, 0.09442289289830649, 0, 0, 0, 0, 1.0, 0.7403361010201203, 3128.001310494646
0.055397013583198554, 9049.892421580753, 1739.289206193757, 0.09642485647518809, 0, 0, 0, 0, 1.0, 0.7403361010201203, 3123.2481117541083
0.055397013583198554, 9049.892421580753, 1739.289206193757, 0.09867607582841945, 0, 0, 0, 0, 1.0, 0.7403361010201203, 3119.0280827065294
0.055397013583198554, 9049.892421580753, 1739.289206193757, 0.10121316969349806, 0, 0, 0, 0, 1.0, 0.7403361010201203, 3115.7442010251566
0.0546289077249146, 9049.892421580753, 1739.289206193757, 0.10121316969349806, 0, 0, 0, 0, 1.0, 0.7403361010201203, 3087.355128926672
0.0546289077249146, 9189.96031426878, 1739.289206193757, 0.10121316969349806, 0, 0, 0, 0, 1.0, 0.7403361010201203, 3066.996516150604
0.0546289077249146, 9346.540176485229, 1739.289206193757, 0.10121316969349806, 0, 0, 0, 0, 1.0, 0.7403361010201203, 3053.6813168445897
0.0546289077249146, 9521.86111209948, 1739.289206193757, 0.10121316969349806, 0, 0, 0, 0, 1.0, 0.7403361010201203, 3049.9733890412517
0.0546289077249146, 9521.86111209948, 1739.289206193757, 0.10330351230736057, 0, 0, 0, 0, 1.0, 0.7403361010201203, 3044.0824172590337
0.0546289077249146, 9521.86111209948, 1739.289206193757, 0.10565278652410388, 0, 0, 0, 0, 1.0, 0.7403361010201203, 3038.632009215675
0.0546289077249146, 9521.86111209948, 1739.289206193757, 0.10829874168627014, 0, 0, 0, 0, 1.0, 0.7403361010201203, 3033.6171120324398
0.0546289077249146, 9521.86111209948, 1739.289206193757, 0.11128589194023134, 0, 0, 0, 0, 1.0, 0.7403361010201203, 3029.4140765515604
0.05381747675888194, 9521.86111209948, 1739.289206193757, 0.11128589194023134, 0, 0, 0, 0, 1.0, 0.7403361010201203, 3003.4274216901667
0.05381747675888194, 9521.86111209948, 1710.8924038249536, 0.11128589194023134, 0, 0, 0, 0, 1.0, 0.7403361010201203, 2970.769924587224
0.05381747675888194, 9695.849295377162, 1710.8924038249536, 0.11128589194023134, 0, 0, 0, 0, 1.0, 0.7403361010201203, 2962.6010062528117
0.05381747675888194, 9695.849295377162, 1710.8924038249536, 0.1135247427460616, 0, 0, 0, 0, 1.0, 0.7403361010201203, 2958.2392122379506
0.05381747675888194, 9695.849295377162, 1710.8924038249536, 0.11603953597735336, 0, 0, 0, 0, 1.0, 0.7403361010201203, 2954.502417134157
0.05381747675888194, 9695.849295377162, 1710.8924038249536, 0.11887019802444453, 0, 0, 0, 0, 1.0, 0.7403361010201203, 2950.9191314418727
0.05310879900274933, 9695.849295377162, 1710.8924038249536, 0.11887019802444453, 0, 0, 0, 0, 1.0, 0.7403361010201203, 2938.067832652354
0.05310879900274933, 9695.849295377162, 1686.1265287527626, 0.11887019802444453, 0, 0, 0, 0, 1.0, 0.7403361010201203, 2914.1212370595686
0.05310879900274933, 9852.618044437362, 1686.1265287527626, 0.11887019802444453, 0, 0, 0, 0, 1.0, 0.7403361010201203, 2902.3525940586933
0.05310879900274933, 10027.99286330591, 1686.1265287527626, 0.11887019802444453, 0, 0, 0, 0, 1.0, 0.7403361010201203, 2898.436330777271
0.05310879900274933, 10027.99286330591, 1686.1265287527626, 0.1211997132930687, 0, 0, 0, 0, 1.0, 0.7403361010201203, 2895.4445082566303
0.05254492143052406, 10027.99286330591, 1686.1265287527626, 0.1211997132930687, 0, 0, 0, 0, 1.0, 0.7403361010201203, 2879.8307215929512
0.05254492143052406, 10146.431389691446, 1686.1265287527626, 0.1211997132930687, 0, 0, 0, 0, 1.0, 0.7403361010201203, 2868.1476087007145
0.05254492143052406, 10278.330077939692, 1686.1265287527626, 0.1211997132930687, 0, 0, 0, 0, 1.0, 0.7403361010201203, 2860.009729673169
0.05254492143052406, 10425.399875585668, 1686.1265287527626, 0.1211997132930687, 0, 0, 0, 0, 1.0, 0.7403361010201203, 2856.8861326323513
0.05254492143052406, 10425.399875585668, 1686.1265287527626, 0.12310870695773048, 0, 0, 0, 0, 1.0, 0.7403361010201203, 2852.715537083077
0.05254492143052406, 10425.399875585668, 1686.1265287527626, 0.1252433469252808, 0, 0, 0, 0, 1.0, 0.7403361010201203, 2847.7085631157083
0.05254492143052406, 10425.399875585668, 1686.1265287527626, 0.12763422612982125, 0, 0, 0, 0, 1.0, 0.7403361010201203, 2843.4311503274666
0.05254492143052406, 10425.399875585668, 1686.1265287527626, 0.13031694267339988, 0, 0, 0, 0, 1.0, 0.7403361010201203, 2839.205976969205
0.05254492143052406, 10425.399875585668, 1686.1265287527626, 0.13333310378758875, 0, 0, 0, 0, 1.0, 0.7403361010201203, 2835.403355780634
0.05254492143052406, 10425.399875585668, 1686.1265287527626, 0.13673157169268824, 0, 0, 0, 0, 1.0, 0.7403361010201203, 2832.278764995932
0.05182255219538459, 10425.399875585668, 1686.1265287527626, 0.13673157169268824, 0, 0, 0, 0, 1.0, 0.7403361010201203, 2826.261540828415
0.05182255219538459, 10425.399875585668, 1660.6458218711841, 0.13673157169268824, 0, 0, 0, 0, 1.0, 0.7403361010201203, 2797.4161608828254
0.05182255219538459, 10601.4966495965, 1660.6458218711841, 0.13673157169268824, 0, 0, 0, 0, 1.0, 0.7403361010201203, 2787.4225699644016
0.05182255219538459, 10601.4966495965, 1660.6458218711841, 0.13927421218209135, 0, 0, 0, 0, 1.0, 0.7403361010201203, 2784.1961068516434
0.05182255219538459, 10601.4966495965, 1660.6458218711841, 0.1421257618042796, 0, 0, 0, 0, 1.0, 0.7403361010201203, 2780.9540596385555
0.05153451835972438, 10601.4966495965, 1660.6458218711841, 0.1421257618042796, 0, 0, 0, 0, 1.0, 0.7403361010201203, 2775.4102895491287
0.05153451835972438, 10666.693452392901, 1660.6458218711841, 0.1421257618042796, 0, 0, 0, 0, 1.0, 0.7403361010201203, 2770.2553232667506
0.05153451835972438, 10738.873122399218, 1660.6458218711841, 0.1421257618042796, 0, 0, 0, 0, 1.0, 0.7403361010201203, 2765.8264304134136
0.05153451835972438, 10818.835020042812, 1660.6458218711841, 0.1421257618042796, 0, 0, 0, 0, 1.0, 0.7403361010201203, 2762.5187130931276
