W, K, Conc_treshold, Max_effect, empty_1, empty_2, empty_3, empty_4, P_comp, D_comp, Deviation
0.33201292120027126, 8031.040713500321, 67.07769948384848, 0.18367789674786644, 0, 0, 0, 0, 1.0, 2.4447822354080606, 50075.90633150246
0.04493306272885388, 8031.040713500321, 67.07769948384848, 0.18367789674786644, 0, 0, 0, 0, 1.0, 2.4447822354080606, 5737.433533928577
0.04493306272885388, 8031.040713500321, 67.07769948384848, 0.024858100180677807, 0, 0, 0, 0, 1.0, 2.4447822354080606, 5428.344012479598
0.04493306272885388, 8031.040713500321, 67.07769948384848, 0.024858100180677807, 0, 0, 0, 0, 1.0, 6.645607125049215, 5188.677507543758
0.04493306272885388, 8031.040713500321, 67.07769948384848, 0.07467785998264896, 0, 0, 0, 0, 1.0, 6.645607125049215, 5182.972131831738
0.04493306272885388, 14706.86104624904, 67.07769948384848, 0.07467785998264896, 0, 0, 0, 0, 1.0, 6.645607125049215, 4929.149737962838
0.04493306272885388, 14706.86104624904, 130.49718312155505, 0.07467785998264896, 0, 0, 0, 0, 1.0, 6.645607125049215, 3195.1583888420264
0.04493306272885388, 14706.86104624904, 130.49718312155505, 0.0896753711669415, 0, 0, 0, 0, 1.0, 6.645607125049215, 3183.6602056913925
0.04493306272885388, 16264.275212148697, 130.49718312155505, 0.0896753711669415, 0, 0, 0, 0, 1.0, 6.645607125049215, 3165.29707823459
0.04493306272885388, 16264.275212148697, 145.7764383174342, 0.0896753711669415, 0, 0, 0, 0, 1.0, 6.645607125049215, 3050.041373836507
0.04493306272885388, 18370.861890275653, 145.7764383174342, 0.0896753711669415, 0, 0, 0, 0, 1.0, 6.645607125049215, 2989.1390393617826
0.04493306272885388, 18370.861890275653, 145.7764383174342, 0.10253154046088273, 0, 0, 0, 0, 1.0, 6.645607125049215, 2962.8591069436525
0.04493306272885388, 18370.861890275653, 151.24743474843808, 0.10253154046088273, 0, 0, 0, 0, 1.0, 6.645607125049215, 2919.4603086071284
0.04493306272885388, 18370.861890275653, 151.24743474843808, 0.10677221024806528, 0, 0, 0, 0, 1.0, 6.645607125049215, 2904.5990646880455
0.04493306272885388, 18370.861890275653, 151.24743474843808, 0.11163980227036145, 0, 0, 0, 0, 1.0, 6.645607125049215, 2893.0022349795368
0.04493306272885388, 18370.861890275653, 151.24743474843808, 0.11725084110647849, 0, 0, 0, 0, 1.0, 6.645607125049215, 2885.1616954765555
0.04493306272885388, 18370.861890275653, 155.38221818441457, 0.11725084110647849, 0, 0, 0, 0, 1.0, 6.645607125049215, 2870.4780365793276
0.04493306272885388, 18924.053261035686, 155.38221818441457, 0.11725084110647849, 0, 0, 0, 0, 1.0, 6.645607125049215, 2857.056317564521
0.04493306272885388, 18924.053261035686, 155.38221818441457, 0.12114041559418919, 0, 0, 0, 0, 1.0, 6.645607125049215, 2846.08587302811
0.04493306272885388, 18924.053261035686, 155.38221818441457, 0.12556813990710378, 0, 0, 0, 0, 1.0, 6.645607125049215, 2836.6051320036736
0.04493306272885388, 18924.053261035686, 155.38221818441457, 0.13062578180323006, 0, 0, 0, 0, 1.0, 6.645607125049215, 2828.59910628964
0.04493306272885388, 18924.053261035686, 155.38221818441457, 0.13642478836911284, 0, 0, 0, 0, 1.0, 6.645607125049215, 2824.316992594879
0.04493306272885388, 18924.053261035686, 159.13903832715624, 0.13642478836911284, 0, 0, 0, 0, 1.0, 6.645607125049215, 2808.8966763372828
0.04493306272885388, 19427.956178811786, 159.13903832715624, 0.13642478836911284, 0, 0, 0, 0, 1.0, 6.645607125049215, 2796.486357301467
0.04493306272885388, 19997.760559447655, 159.13903832715624, 0.13642478836911284, 0, 0, 0, 0, 1.0, 6.645607125049215, 2790.123559107591
0.04493306272885388, 19997.760559447655, 159.13903832715624, 0.14083252391853, 0, 0, 0, 0, 1.0, 6.645607125049215, 2781.6362196071527
0.04493306272885388, 19997.760559447655, 159.13903832715624, 0.14584569141427836, 0, 0, 0, 0, 1.0, 6.645607125049215, 2774.4998924312326
0.04493306272885388, 19997.760559447655, 159.13903832715624, 0.15156653037309048, 0, 0, 0, 0, 1.0, 6.645607125049215, 2768.9094570078914
0.04493306272885388, 19997.760559447655, 159.13903832715624, 0.1581189729496539, 0, 0, 0, 0, 1.0, 6.645607125049215, 2765.9776825328995
0.04493306272885388, 19997.760559447655, 162.8868785974753, 0.1581189729496539, 0, 0, 0, 0, 1.0, 6.645607125049215, 2746.48102717974
0.04493306272885388, 20516.424339591926, 162.8868785974753, 0.1581189729496539, 0, 0, 0, 0, 1.0, 6.645607125049215, 2738.7429180399718
0.04493306272885388, 20516.424339591926, 162.8868785974753, 0.1626358652310626, 0, 0, 0, 0, 1.0, 6.645607125049215, 2730.189355259876
0.04493306272885388, 20516.424339591926, 162.8868785974753, 0.1677536190400187, 0, 0, 0, 0, 1.0, 6.645607125049215, 2722.2348517454693
0.04493306272885388, 20516.424339591926, 162.8868785974753, 0.17356934689233783, 0, 0, 0, 0, 1.0, 6.645607125049215, 2715.040549950149
0.04493306272885388, 20516.424339591926, 162.8868785974753, 0.18019978708434206, 0, 0, 0, 0, 1.0, 6.645607125049215, 2709.368629713441
0.04493306272885388, 20516.424339591926, 162.8868785974753, 0.18778618632565236, 0, 0, 0, 0, 1.0, 6.645607125049215, 2705.512464065669
0.04493306272885388, 20516.424339591926, 164.74459589229417, 0.18778618632565236, 0, 0, 0, 0, 1.0, 6.645607125049215, 2694.370512141461
0.04493306272885388, 20773.958369598775, 164.74459589229417, 0.18778618632565236, 0, 0, 0, 0, 1.0, 6.645607125049215, 2691.629732548679
0.04493306272885388, 20773.958369598775, 164.74459589229417, 0.19038072858497546, 0, 0, 0, 0, 1.0, 6.645607125049215, 2688.7190119093652
0.04493306272885388, 20773.958369598775, 164.74459589229417, 0.19327614784517502, 0, 0, 0, 0, 1.0, 6.645607125049215, 2685.7631935106187
0.04493306272885388, 20773.958369598775, 164.74459589229417, 0.19651199537894787, 0, 0, 0, 0, 1.0, 6.645607125049215, 2683.0309679128704
0.04493306272885388, 20773.958369598775, 164.74459589229417, 0.20013403442425623, 0, 0, 0, 0, 1.0, 6.645607125049215, 2680.3340408909103
