W, K, Conc_treshold, Max_effect, empty_1, empty_2, empty_3, empty_4, P_comp, D_comp, Deviation
0.08782150237546103, 7364.9176220469335, 5.4042911917629715, 0.0005565532777587026, 0, 0, 0, 0, 1.0, 0.017286086569545486, 20537.91892560722
0.08782150237546103, 996.7332123940419, 5.4042911917629715, 0.0005565532777587026, 0, 0, 0, 0, 1.0, 0.017286086569545486, 13936.307351057263
0.08782150237546103, 996.7332123940419, 39.93261079089338, 0.0005565532777587026, 0, 0, 0, 0, 1.0, 0.017286086569545486, 13888.09822174761
0.08782150237546103, 996.7332123940419, 39.93261079089338, 0.0005565532777587026, 0, 0, 0, 0, 1.0, 0.12772786339334327, 13801.33684800438
0.08782150237546103, 2709.4017790723337, 39.93261079089338, 0.0005565532777587026, 0, 0, 0, 0, 1.0, 0.12772786339334327, 11036.82227677822
0.08782150237546103, 2709.4017790723337, 119.9641925854786, 0.0005565532777587026, 0, 0, 0, 0, 1.0, 0.12772786339334327, 9960.279120787724
0.08782150237546103, 4961.597992685255, 119.9641925854786, 0.0005565532777587026, 0, 0, 0, 0, 1.0, 0.12772786339334327, 9866.482192087615
0.08782150237546103, 4961.597992685255, 233.38589916349525, 0.0005565532777587026, 0, 0, 0, 0, 1.0, 0.12772786339334327, 8088.070102284465
0.07313403638610479, 4961.597992685255, 233.38589916349525, 0.0005565532777587026, 0, 0, 0, 0, 1.0, 0.12772786339334327, 7461.230077273832
0.07313403638610479, 6068.0761739488335, 233.38589916349525, 0.0005565532777587026, 0, 0, 0, 0, 1.0, 0.12772786339334327, 7105.77238331145
0.07313403638610479, 6068.0761739488335, 233.38589916349525, 0.0005565532777587026, 0, 0, 0, 0, 1.0, 0.10235598726971601, 7052.247430136045
0.057323131589957936, 6068.0761739488335, 233.38589916349525, 0.0005565532777587026, 0, 0, 0, 0, 1.0, 0.10235598726971601, 6874.710809100529
0.057323131589957936, 6068.0761739488335, 178.52786614318958, 0.0005565532777587026, 0, 0, 0, 0, 1.0, 0.10235598726971601, 6050.786235853842
0.057323131589957936, 6068.0761739488335, 132.9537389812711, 0.0005565532777587026, 0, 0, 0, 0, 1.0, 0.10235598726971601, 5656.585055768273
0.057323131589957936, 7135.986607684846, 132.9537389812711, 0.0005565532777587026, 0, 0, 0, 0, 1.0, 0.10235598726971601, 5401.769476604504
0.05243342857679204, 7135.986607684846, 132.9537389812711, 0.0005565532777587026, 0, 0, 0, 0, 1.0, 0.10235598726971601, 5201.079966245463
0.05243342857679204, 7871.324970092487, 132.9537389812711, 0.0005565532777587026, 0, 0, 0, 0, 1.0, 0.10235598726971601, 4975.697976673131
0.05243342857679204, 7871.324970092487, 119.35685235145273, 0.0005565532777587026, 0, 0, 0, 0, 1.0, 0.10235598726971601, 4886.434961024543
0.05243342857679204, 7871.324970092487, 106.00072588526352, 0.0005565532777587026, 0, 0, 0, 0, 1.0, 0.10235598726971601, 4868.550348530263
0.049120420045395415, 7871.324970092487, 106.00072588526352, 0.0005565532777587026, 0, 0, 0, 0, 1.0, 0.10235598726971601, 4860.675909753056
0.049120420045395415, 8457.23982222347, 106.00072588526352, 0.0005565532777587026, 0, 0, 0, 0, 1.0, 0.10235598726971601, 4678.713708102202
0.049120420045395415, 9152.24273073337, 106.00072588526352, 0.0005565532777587026, 0, 0, 0, 0, 1.0, 0.10235598726971601, 4590.302019422412
0.049120420045395415, 9152.24273073337, 97.18070990849196, 0.0005565532777587026, 0, 0, 0, 0, 1.0, 0.10235598726971601, 4554.004783853739
0.047960826614479334, 9152.24273073337, 97.18070990849196, 0.0005565532777587026, 0, 0, 0, 0, 1.0, 0.10235598726971601, 4527.460204331911
0.047960826614479334, 9395.945374802088, 97.18070990849196, 0.0005565532777587026, 0, 0, 0, 0, 1.0, 0.10235598726971601, 4500.876297004383
0.047960826614479334, 9671.519953285875, 97.18070990849196, 0.0005565532777587026, 0, 0, 0, 0, 1.0, 0.10235598726971601, 4487.472120410252
0.047960826614479334, 9671.519953285875, 94.13917619267893, 0.0005565532777587026, 0, 0, 0, 0, 1.0, 0.10235598726971601, 4473.497280812464
0.047960826614479334, 9671.519953285875, 90.90332154665361, 0.0005565532777587026, 0, 0, 0, 0, 1.0, 0.10235598726971601, 4463.976017907092
0.047046986089761704, 9671.519953285875, 90.90332154665361, 0.0005565532777587026, 0, 0, 0, 0, 1.0, 0.10235598726971601, 4447.339557523485
0.047046986089761704, 9878.365022419071, 90.90332154665361, 0.0005565532777587026, 0, 0, 0, 0, 1.0, 0.10235598726971601, 4429.731283264438
0.047046986089761704, 10111.007714150202, 90.90332154665361, 0.0005565532777587026, 0, 0, 0, 0, 1.0, 0.10235598726971601, 4420.064634293443
0.047046986089761704, 10111.007714150202, 88.60524759377324, 0.0005565532777587026, 0, 0, 0, 0, 1.0, 0.10235598726971601, 4409.877730696081
0.047046986089761704, 10111.007714150202, 86.14441056757354, 0.0005565532777587026, 0, 0, 0, 0, 1.0, 0.10235598726971601, 4402.251111323858
0.04632378317286903, 10111.007714150202, 86.14441056757354, 0.0005565532777587026, 0, 0, 0, 0, 1.0, 0.10235598726971601, 4396.348890564675
0.04632378317286903, 10284.780025266464, 86.14441056757354, 0.0005565532777587026, 0, 0, 0, 0, 1.0, 0.10235598726971601, 4383.338759077862
0.04632378317286903, 10479.380976830362, 86.14441056757354, 0.0005565532777587026, 0, 0, 0, 0, 1.0, 0.10235598726971601, 4374.94678329366
0.04632378317286903, 10479.380976830362, 84.38639213957744, 0.0005565532777587026, 0, 0, 0, 0, 1.0, 0.10235598726971601, 4367.121642419896
0.04632378317286903, 10479.380976830362, 82.49398183010577, 0.0005565532777587026, 0, 0, 0, 0, 1.0, 0.10235598726971601, 4360.723900841922
0.04632378317286903, 10479.380976830362, 80.4613099231854, 0.0005565532777587026, 0, 0, 0, 0, 1.0, 0.10235598726971601, 4356.262694817406
0.046007045975972174, 10479.380976830362, 80.4613099231854, 0.0005565532777587026, 0, 0, 0, 0, 1.0, 0.10235598726971601, 4349.242374105431
