W, K, Threshold, Effect, empty_1, empty_2, empty_3, Flag_consumption_model, Init_conc_comp, D_comp, Deviation
0.041564382721386746, 29230.118107261434, 0.022214153966061672, 0.10709628517180503, 0, 0, 0, 1, 1.0, 5.488685109713187e-05, 13962.516246372446
0.041564382721386746, 29230.118107261434, 0.022214153966061672, 0.10709628517180503, 0, 0, 0, 1, 1.0, 0.0004055620218503607, 4739.924702848366
0.041564382721386746, 29230.118107261434, 0.00300635881885868, 0.10709628517180503, 0, 0, 0, 1, 1.0, 0.0004055620218503607, 4387.265462392955
0.041564382721386746, 29230.118107261434, 0.00300635881885868, 0.7913404591215422, 0, 0, 0, 1, 1.0, 0.0004055620218503607, 4247.864439618791
0.041564382721386746, 29230.118107261434, 0.00040686642226112784, 0.7913404591215422, 0, 0, 0, 1, 1.0, 0.0004055620218503607, 3650.5253082253485
0.041564382721386746, 29230.118107261434, 5.5063382496177e-05, 0.7913404591215422, 0, 0, 0, 1, 1.0, 0.0004055620218503607, 3533.340840405294
0.041564382721386746, 29230.118107261434, 5.5063382496177e-05, 5.847259045802613, 0, 0, 0, 1, 1.0, 0.0004055620218503607, 3514.138248784403
0.041564382721386746, 29230.118107261434, 9.078416995814415e-05, 5.847259045802613, 0, 0, 0, 1, 1.0, 0.0004055620218503607, 3504.2250388457414
0.041743363932960006, 29230.118107261434, 9.078416995814415e-05, 5.847259045802613, 0, 0, 0, 1, 1.0, 0.0004055620218503607, 3498.225633630555
