W, K, Scale, Min_effect, Max_effect, empty_2, empty_3, empty_4, P_comp, D_comp, Deviation
0.9076642816447477, 6377.147837738653, 1.4765708888420719, 0.013174170722361657, 0.0002673993875042222, 0, 0, 0, 1.0, 0.17984339593138113, 25579.392149776184
0.9076642816447477, 863.0531088621128, 1.4765708888420719, 0.013174170722361657, 0.0002673993875042222, 0, 0, 0, 1.0, 0.17984339593138113, 16352.975030749416
0.9076642816447477, 863.0531088621128, 1.4765708888420719, 0.013174170722361657, 0.0019758290750883935, 0, 0, 0, 1.0, 0.17984339593138113, 16154.960792583059
0.9076642816447477, 863.0531088621128, 1.4765708888420719, 0.013174170722361657, 0.014599511877726401, 0, 0, 0, 1.0, 0.17984339593138113, 15584.650580405068
6.7067822960686305, 863.0531088621128, 1.4765708888420719, 0.013174170722361657, 0.014599511877726401, 0, 0, 0, 1.0, 0.17984339593138113, 15538.031693332478
6.7067822960686305, 863.0531088621128, 1.4765708888420719, 0.013174170722361657, 0.03968558784159567, 0, 0, 0, 1.0, 0.17984339593138113, 15469.15364013955
6.7067822960686305, 2592.7548265049018, 1.4765708888420719, 0.013174170722361657, 0.03968558784159567, 0, 0, 0, 1.0, 0.17984339593138113, 13865.81079482365
9.075870490594568, 2592.7548265049018, 1.4765708888420719, 0.013174170722361657, 0.03968558784159567, 0, 0, 0, 1.0, 0.17984339593138113, 13457.451513985821
9.075870490594568, 2647.240627947927, 1.4765708888420719, 0.013174170722361657, 0.03968558784159567, 0, 0, 0, 1.0, 0.17984339593138113, 13428.966027900631
