W, K, Scale, Min_effect, Max_effect, empty_2, empty_3, empty_4, P_comp, D_comp, Deviation
0.06155271286465585, 1209.3034649542228, 1.491878009253646, 0.011509449664215752, 0.5733601432217837, 0, 0, 0, 1.0, 0.49461782830409745, 17067.260689259747
0.06155271286465585, 1209.3034649542228, 1.491878009253646, 0.011509449664215752, 0.07759585737950493, 0, 0, 0, 1.0, 0.49461782830409745, 16912.546285293345
0.4548164483983124, 1209.3034649542228, 1.491878009253646, 0.011509449664215752, 0.07759585737950493, 0, 0, 0, 1.0, 0.49461782830409745, 15339.54876503007
3.360664251931528, 1209.3034649542228, 1.491878009253646, 0.011509449664215752, 0.07759585737950493, 0, 0, 0, 1.0, 0.49461782830409745, 15172.919668726627
24.832136687192868, 1209.3034649542228, 1.491878009253646, 0.011509449664215752, 0.07759585737950493, 0, 0, 0, 1.0, 0.49461782830409745, 14961.299438470201
183.486051037982, 1209.3034649542228, 1.491878009253646, 0.011509449664215752, 0.07759585737950493, 0, 0, 0, 1.0, 0.49461782830409745, 14913.155617407494
183.486051037982, 1993.8043454013941, 1.491878009253646, 0.011509449664215752, 0.07759585737950493, 0, 0, 0, 1.0, 0.49461782830409745, 13883.549583943344
183.486051037982, 2135.70017782972, 1.491878009253646, 0.011509449664215752, 0.07759585737950493, 0, 0, 0, 1.0, 0.49461782830409745, 13755.733627859661
183.486051037982, 2176.4623752804723, 1.491878009253646, 0.011509449664215752, 0.07759585737950493, 0, 0, 0, 1.0, 0.49461782830409745, 13721.694383974997
