W, K, Scale, Min_effect, Max_effect, empty_2, empty_3, empty_4, P_comp, D_comp, Deviation
0.39122556288695437, 1005.3097969808339, 1054.7525236407646, 0.08980439034432312, 0.004925380232622379, 0, 0, 0, 1.0, 0.03163588555641212, 16004.276317471944
0.39122556288695437, 1005.3097969808339, 1054.7525236407646, 0.08980439034432312, 0.03639391084741085, 0, 0, 0, 1.0, 0.03163588555641212, 15467.096035368415
2.890787631507427, 1005.3097969808339, 1054.7525236407646, 0.08980439034432312, 0.03639391084741085, 0, 0, 0, 1.0, 0.03163588555641212, 15313.955006400238
21.36019197930324, 1005.3097969808339, 1054.7525236407646, 0.08980439034432312, 0.03639391084741085, 0, 0, 0, 1.0, 0.03163588555641212, 15244.285669435201
21.36019197930324, 2732.7153531048525, 1054.7525236407646, 0.08980439034432312, 0.03639391084741085, 0, 0, 0, 1.0, 0.03163588555641212, 15206.335937127436
7.110190252149697, 2732.7153531048525, 1054.7525236407646, 0.08980439034432312, 0.03639391084741085, 0, 0, 0, 1.0, 0.03163588555641212, 13410.374169193623
7.110190252149697, 2947.3921125185334, 1054.7525236407646, 0.08980439034432312, 0.03639391084741085, 0, 0, 0, 1.0, 0.03163588555641212, 13341.697831830854
7.110190252149697, 3072.5704755220327, 1054.7525236407646, 0.08980439034432312, 0.03639391084741085, 0, 0, 0, 1.0, 0.03163588555641212, 13328.184717319185
7.110190252149697, 3072.5704755220327, 1054.7525236407646, 0.08980439034432312, 0.03809772622573836, 0, 0, 0, 1.0, 0.03163588555641212, 13310.551705819116
