W, K, Conc_treshold, Min_effect, empty_1, empty_2, empty_3, empty_4, P_comp, D_comp, Deviation
0.07213151720611082, 5718.369320552978, 91.00801879924079, 0.0053632534098582854, 0, 0, 0, 0, 1.0, 2.499599099500133, 14270.005792153472
0.07213151720611082, 42253.3517039699, 91.00801879924079, 0.0053632534098582854, 0, 0, 0, 0, 1.0, 2.499599099500133, 13364.449288084777
0.07213151720611082, 312212.38610848057, 91.00801879924079, 0.0053632534098582854, 0, 0, 0, 0, 1.0, 2.499599099500133, 13195.769069438453
0.07213151720611082, 2306954.8357365592, 91.00801879924079, 0.0053632534098582854, 0, 0, 0, 0, 1.0, 2.499599099500133, 13171.818780735812
0.11892476670558719, 2306954.8357365592, 91.00801879924079, 0.0053632534098582854, 0, 0, 0, 0, 1.0, 2.499599099500133, 12522.432535744805
0.0903319375505969, 2306954.8357365592, 91.00801879924079, 0.0053632534098582854, 0, 0, 0, 0, 1.0, 2.499599099500133, 12303.66449661119
0.0903319375505969, 2306954.8357365592, 123.15547989557896, 0.0053632534098582854, 0, 0, 0, 0, 1.0, 2.499599099500133, 11854.033614885295
0.0903319375505969, 2306954.8357365592, 145.4485798864246, 0.0053632534098582854, 0, 0, 0, 0, 1.0, 2.499599099500133, 11833.052050034506
0.0903319375505969, 2306954.8357365592, 132.72991792901712, 0.0053632534098582854, 0, 0, 0, 0, 1.0, 2.499599099500133, 11818.555295221153
