W, K, Conc_treshold, Min_effect, empty_1, empty_2, empty_3, empty_4, P_comp, D_comp, Deviation
0.053455252099106024, 1453.5286100538735, 2594.2304088795017, 0.0020753978892489562, 0, 0, 0, 0, 1.0, 0.13094041837033596, 16039.579729687408
0.3949838565427748, 1453.5286100538735, 2594.2304088795017, 0.0020753978892489562, 0, 0, 0, 0, 1.0, 0.13094041837033596, 15637.889740359236
0.3949838565427748, 1453.5286100538735, 351.090907166741, 0.0020753978892489562, 0, 0, 0, 0, 1.0, 0.13094041837033596, 15022.941341080608
2.918557874166539, 1453.5286100538735, 351.090907166741, 0.0020753978892489562, 0, 0, 0, 0, 1.0, 0.13094041837033596, 14734.38839882652
21.565387860192338, 1453.5286100538735, 351.090907166741, 0.0020753978892489562, 0, 0, 0, 0, 1.0, 0.13094041837033596, 14616.786732688084
21.565387860192338, 1866.3676791919786, 351.090907166741, 0.0020753978892489562, 0, 0, 0, 0, 1.0, 0.13094041837033596, 14249.439344058499
21.565387860192338, 1866.3676791919786, 351.090907166741, 0.0020753978892489562, 0, 0, 0, 0, 1.0, 0.17238707736454711, 14191.800954883465
21.565387860192338, 2171.1220863318654, 351.090907166741, 0.0020753978892489562, 0, 0, 0, 0, 1.0, 0.17238707736454711, 13724.791253961463
21.565387860192338, 2359.457275028874, 351.090907166741, 0.0020753978892489562, 0, 0, 0, 0, 1.0, 0.17238707736454711, 13583.069659600733
