W, K, Conc_treshold, Min_effect, empty_1, empty_2, empty_3, empty_4, P_comp, D_comp, Deviation
0.06061911547951758, 9578.269227358858, 3.3004214801377927, 0.0021596106939629914, 0, 0, 0, 0, 1.0, 0.03477985809589126, 17067.188179508295
0.06061911547951758, 9578.269227358858, 3.3004214801377927, 0.0021596106939629914, 0, 0, 0, 0, 1.0, 0.25699032258338783, 17016.65965689406
0.44791804494571075, 9578.269227358858, 3.3004214801377927, 0.0021596106939629914, 0, 0, 0, 0, 1.0, 0.25699032258338783, 16700.93158788123
3.309691561827197, 9578.269227358858, 3.3004214801377927, 0.0021596106939629914, 0, 0, 0, 0, 1.0, 0.25699032258338783, 15230.210601921139
3.309691561827197, 70774.36865161575, 3.3004214801377927, 0.0021596106939629914, 0, 0, 0, 0, 1.0, 0.25699032258338783, 15116.167698419107
3.309691561827197, 522955.78033318755, 3.3004214801377927, 0.0021596106939629914, 0, 0, 0, 0, 1.0, 0.25699032258338783, 15099.96300863557
5.456758877441229, 522955.78033318755, 3.3004214801377927, 0.0021596106939629914, 0, 0, 0, 0, 1.0, 0.25699032258338783, 14888.732549008173
4.755752801341962, 522955.78033318755, 3.3004214801377927, 0.0021596106939629914, 0, 0, 0, 0, 1.0, 0.25699032258338783, 14841.346132469256
5.129355415607896, 522955.78033318755, 3.3004214801377927, 0.0021596106939629914, 0, 0, 0, 0, 1.0, 0.25699032258338783, 14808.16026485035
