W, K, Slope, Min_effect, empty_1, empty_2, empty_3, Flag_consumption_model, Init_conc_comp, D_comp, Deviation
0.008255925776774913, 22340.939633114027, 5.767472577730684, 0.00027399706869132617, 0, 0, 0, 1, 1.0, 4.070125433001233e-05, 15597.739575826916
0.02244193301611387, 22340.939633114027, 5.767472577730684, 0.00027399706869132617, 0, 0, 0, 1, 1.0, 4.070125433001233e-05, 13041.074753807226
0.02244193301611387, 67115.89178883945, 5.767472577730684, 0.00027399706869132617, 0, 0, 0, 1, 1.0, 4.070125433001233e-05, 12926.858653402842
0.02244193301611387, 225072.11305601418, 5.767472577730684, 0.00027399706869132617, 0, 0, 0, 1, 1.0, 4.070125433001233e-05, 12885.18254584855
0.02244193301611387, 851858.8578669548, 5.767472577730684, 0.00027399706869132617, 0, 0, 0, 1, 1.0, 4.070125433001233e-05, 12871.965556629868
0.03236107198457374, 851858.8578669548, 5.767472577730684, 0.00027399706869132617, 0, 0, 0, 1, 1.0, 4.070125433001233e-05, 7318.746999896996
0.03236107198457374, 1274167.5639230977, 5.767472577730684, 0.00027399706869132617, 0, 0, 0, 1, 1.0, 4.070125433001233e-05, 7307.969583076281
0.03236107198457374, 1984135.542543744, 5.767472577730684, 0.00027399706869132617, 0, 0, 0, 1, 1.0, 4.070125433001233e-05, 7300.177810809861
0.03655255314456354, 1984135.542543744, 5.767472577730684, 0.00027399706869132617, 0, 0, 0, 1, 1.0, 4.070125433001233e-05, 4735.406251573458
