W, K, Slope, Min_effect, empty_1, empty_2, empty_3, Flag_consumption_model, Init_conc_comp, D_comp, Deviation
0.003137963635768027, 5926.94753126117, 5.906295587546978, 0.012555396471270647, 0, 0, 0, 1, 1.0, 5.603215931485424e-05, 16006.06803717643
0.023186589341094337, 5926.94753126117, 5.906295587546978, 0.012555396471270647, 0, 0, 0, 1, 1.0, 5.603215931485424e-05, 13268.33090886233
0.023186589341094337, 43794.54780390731, 5.906295587546978, 0.012555396471270647, 0, 0, 0, 1, 1.0, 5.603215931485424e-05, 12706.54065212538
0.023186589341094337, 323600.37055037124, 5.906295587546978, 0.012555396471270647, 0, 0, 0, 1, 1.0, 5.603215931485424e-05, 12616.20237506565
0.038228223041651105, 323600.37055037124, 5.906295587546978, 0.012555396471270647, 0, 0, 0, 1, 1.0, 5.603215931485424e-05, 5477.726269912071
0.038228223041651105, 186701.1724280919, 5.906295587546978, 0.012555396471270647, 0, 0, 0, 1, 1.0, 5.603215931485424e-05, 5330.645458882568
0.038228223041651105, 101952.7356866318, 5.906295587546978, 0.012555396471270647, 0, 0, 0, 1, 1.0, 5.603215931485424e-05, 5094.675411719361
0.038228223041651105, 52405.383797242444, 5.906295587546978, 0.012555396471270647, 0, 0, 0, 1, 1.0, 5.603215931485424e-05, 4805.167371859495
0.038228223041651105, 36342.371891205614, 5.906295587546978, 0.012555396471270647, 0, 0, 0, 1, 1.0, 5.603215931485424e-05, 4736.266152721273
