W, K, Conc_treshold, Max_effect, empty_1, empty_2, empty_3, empty_4, P_comp, D_comp, Deviation
0.0012280813018261858, 3968.3057653929554, 5288.4765695517635, 0.19000493574005697, 0, 0, 0, 0, 1.0, 0.023188282378359425, 16119.585033035364
0.009074361633241471, 3968.3057653929554, 5288.4765695517635, 0.19000493574005697, 0, 0, 0, 0, 1.0, 0.023188282378359425, 15569.714192322408
0.0670509671700052, 3968.3057653929554, 5288.4765695517635, 0.19000493574005697, 0, 0, 0, 0, 1.0, 0.023188282378359425, 9011.168921815577
0.0670509671700052, 3968.3057653929554, 5288.4765695517635, 0.19000493574005697, 0, 0, 0, 0, 1.0, 0.17133951933154284, 7543.274616059931
0.0670509671700052, 3968.3057653929554, 5288.4765695517635, 0.06989890957986797, 0, 0, 0, 0, 1.0, 0.17133951933154284, 7494.352520244873
0.0670509671700052, 6878.077943687924, 5288.4765695517635, 0.06989890957986797, 0, 0, 0, 0, 1.0, 0.17133951933154284, 5743.7232746210575
0.0670509671700052, 6878.077943687924, 7156.56574478804, 0.06989890957986797, 0, 0, 0, 0, 1.0, 0.17133951933154284, 5045.841452544439
0.0670509671700052, 6878.077943687924, 7156.56574478804, 0.0974948980948447, 0, 0, 0, 0, 1.0, 0.17133951933154284, 4901.087268442676
0.0670509671700052, 6878.077943687924, 7156.56574478804, 0.0974948980948447, 0, 0, 0, 0, 1.0, 0.20574953534007834, 4411.0627541497815
0.0670509671700052, 6878.077943687924, 7156.56574478804, 0.1192370823035412, 0, 0, 0, 0, 1.0, 0.20574953534007834, 4280.688298780202
0.06522040588137094, 6878.077943687924, 7156.56574478804, 0.1192370823035412, 0, 0, 0, 0, 1.0, 0.20574953534007834, 4188.302904862044
0.06522040588137094, 7090.727530937578, 7156.56574478804, 0.1192370823035412, 0, 0, 0, 0, 1.0, 0.20574953534007834, 4113.227562788503
0.06522040588137094, 7332.24338340676, 7156.56574478804, 0.1192370823035412, 0, 0, 0, 0, 1.0, 0.20574953534007834, 4063.596981301693
0.06522040588137094, 7332.24338340676, 7156.56574478804, 0.1237120554834009, 0, 0, 0, 0, 1.0, 0.20574953534007834, 4048.7801866372283
0.06522040588137094, 7332.24338340676, 7156.56574478804, 0.12882874419831258, 0, 0, 0, 0, 1.0, 0.20574953534007834, 4040.2041290399457
0.06378272714816155, 7332.24338340676, 7156.56574478804, 0.12882874419831258, 0, 0, 0, 0, 1.0, 0.20574953534007834, 4000.886385817608
0.06378272714816155, 7332.24338340676, 6983.227829444626, 0.12882874419831258, 0, 0, 0, 0, 1.0, 0.20574953534007834, 3924.1213626790836
0.06378272714816155, 7532.691335074063, 6983.227829444626, 0.12882874419831258, 0, 0, 0, 0, 1.0, 0.20574953534007834, 3898.168488195715
0.06378272714816155, 7532.691335074063, 6983.227829444626, 0.13270809128730693, 0, 0, 0, 0, 1.0, 0.20574953534007834, 3892.0802299142797
0.06275040572192059, 7532.691335074063, 6983.227829444626, 0.13270809128730693, 0, 0, 0, 0, 1.0, 0.20574953534007834, 3844.5963810427993
0.06275040572192059, 7532.691335074063, 6859.003277816364, 0.13270809128730693, 0, 0, 0, 0, 1.0, 0.20574953534007834, 3808.015718030064
0.06275040572192059, 7682.894909848136, 6859.003277816364, 0.13270809128730693, 0, 0, 0, 0, 1.0, 0.20574953534007834, 3791.9681586732513
0.06140225842686454, 7682.894909848136, 6859.003277816364, 0.13270809128730693, 0, 0, 0, 0, 1.0, 0.20574953534007834, 3775.1080816440704
0.06140225842686454, 7682.894909848136, 6697.081715740201, 0.13270809128730693, 0, 0, 0, 0, 1.0, 0.20574953534007834, 3700.7332931345345
0.06140225842686454, 7887.472285986199, 6697.081715740201, 0.13270809128730693, 0, 0, 0, 0, 1.0, 0.20574953534007834, 3669.8795925564486
0.06140225842686454, 8118.804713305572, 6697.081715740201, 0.13270809128730693, 0, 0, 0, 0, 1.0, 0.20574953534007834, 3662.627676619188
0.06140225842686454, 8118.804713305572, 6697.081715740201, 0.1369957444231852, 0, 0, 0, 0, 1.0, 0.20574953534007834, 3658.092455112406
0.0603377379563611, 8118.804713305572, 6697.081715740201, 0.1369957444231852, 0, 0, 0, 0, 1.0, 0.20574953534007834, 3586.1174228347904
0.0603377379563611, 8118.804713305572, 6569.476228070369, 0.1369957444231852, 0, 0, 0, 0, 1.0, 0.20574953534007834, 3561.565525788476
0.0603377379563611, 8292.441817950334, 6569.476228070369, 0.1369957444231852, 0, 0, 0, 0, 1.0, 0.20574953534007834, 3557.4024667538433
0.05894943580409484, 8292.441817950334, 6569.476228070369, 0.1369957444231852, 0, 0, 0, 0, 1.0, 0.20574953534007834, 3532.4078293376606
0.05894943580409484, 8292.441817950334, 6403.397123952626, 0.1369957444231852, 0, 0, 0, 0, 1.0, 0.20574953534007834, 3462.506899482769
0.05894943580409484, 8529.327156520403, 6403.397123952626, 0.1369957444231852, 0, 0, 0, 0, 1.0, 0.20574953534007834, 3440.9474916335175
0.05894943580409484, 8529.327156520403, 6403.397123952626, 0.14130666619825888, 0, 0, 0, 0, 1.0, 0.20574953534007834, 3429.1759285585604
0.05894943580409484, 8529.327156520403, 6403.397123952626, 0.14620552393396904, 0, 0, 0, 0, 1.0, 0.20574953534007834, 3420.7069910996206
0.05785475126814799, 8529.327156520403, 6403.397123952626, 0.14620552393396904, 0, 0, 0, 0, 1.0, 0.20574953534007834, 3380.270702742911
0.05785475126814799, 8707.018297703082, 6403.397123952626, 0.14620552393396904, 0, 0, 0, 0, 1.0, 0.20574953534007834, 3349.0530242963505
0.05785475126814799, 8906.757125018587, 6403.397123952626, 0.14620552393396904, 0, 0, 0, 0, 1.0, 0.20574953534007834, 3331.460308968072
0.05785475126814799, 8906.757125018587, 6403.397123952626, 0.14989907380807463, 0, 0, 0, 0, 1.0, 0.20574953534007834, 3316.9663400307013
0.05785475126814799, 8906.757125018587, 6403.397123952626, 0.15406984096105147, 0, 0, 0, 0, 1.0, 0.20574953534007834, 3303.402795385252
0.05785475126814799, 8906.757125018587, 6403.397123952626, 0.1587918423536857, 0, 0, 0, 0, 1.0, 0.20574953534007834, 3292.4547442997555
0.05785475126814799, 8906.757125018587, 6403.397123952626, 0.16415336741065337, 0, 0, 0, 0, 1.0, 0.20574953534007834, 3283.533837000252
0.05785475126814799, 8906.757125018587, 6403.397123952626, 0.17026036719253385, 0, 0, 0, 0, 1.0, 0.20574953534007834, 3278.2659373498796
0.056704034168607836, 8906.757125018587, 6403.397123952626, 0.17026036719253385, 0, 0, 0, 0, 1.0, 0.20574953534007834, 3270.996679707554
0.056704034168607836, 8906.757125018587, 6263.439056274879, 0.17026036719253385, 0, 0, 0, 0, 1.0, 0.20574953534007834, 3190.911561631446
0.056704034168607836, 9125.926117725518, 6263.439056274879, 0.17026036719253385, 0, 0, 0, 0, 1.0, 0.20574953534007834, 3178.137285584763
0.056704034168607836, 9125.926117725518, 6263.439056274879, 0.17487456135177912, 0, 0, 0, 0, 1.0, 0.20574953534007834, 3171.767779786611
0.056704034168607836, 9125.926117725518, 6263.439056274879, 0.18009473552301694, 0, 0, 0, 0, 1.0, 0.20574953534007834, 3167.0570950377346
0.05579407074059811, 9125.926117725518, 6263.439056274879, 0.18009473552301694, 0, 0, 0, 0, 1.0, 0.20574953534007834, 3157.2209706066933
0.05579407074059811, 9125.926117725518, 6152.9637483150045, 0.18009473552301694, 0, 0, 0, 0, 1.0, 0.20574953534007834, 3108.6371750705157
0.05579407074059811, 9306.326779574603, 6152.9637483150045, 0.18009473552301694, 0, 0, 0, 0, 1.0, 0.20574953534007834, 3096.1629499794053
0.05579407074059811, 9306.326779574603, 6152.9637483150045, 0.18401469344025428, 0, 0, 0, 0, 1.0, 0.20574953534007834, 3090.5427373935727
0.05579407074059811, 9306.326779574603, 6152.9637483150045, 0.18842526538487678, 0, 0, 0, 0, 1.0, 0.20574953534007834, 3086.421103405022
0.05507194317302586, 9306.326779574603, 6152.9637483150045, 0.18842526538487678, 0, 0, 0, 0, 1.0, 0.20574953534007834, 3077.7516822633675
0.05507194317302586, 9306.326779574603, 6065.420898556574, 0.18842526538487678, 0, 0, 0, 0, 1.0, 0.20574953534007834, 3049.7280028105383
0.05507194317302586, 9454.18404539983, 6065.420898556574, 0.18842526538487678, 0, 0, 0, 0, 1.0, 0.20574953534007834, 3036.6342114743447
0.05507194317302586, 9619.54171472428, 6065.420898556574, 0.18842526538487678, 0, 0, 0, 0, 1.0, 0.20574953534007834, 3031.8700304519666
0.05507194317302586, 9619.54171472428, 6065.420898556574, 0.19205362036477042, 0, 0, 0, 0, 1.0, 0.20574953534007834, 3028.530915238383
0.054497245383987314, 9619.54171472428, 6065.420898556574, 0.19205362036477042, 0, 0, 0, 0, 1.0, 0.20574953534007834, 3007.4281962615064
0.054497245383987314, 9731.186965466462, 6065.420898556574, 0.19205362036477042, 0, 0, 0, 0, 1.0, 0.20574953534007834, 2995.2542940217786
0.054497245383987314, 9855.49392692971, 6065.420898556574, 0.19205362036477042, 0, 0, 0, 0, 1.0, 0.20574953534007834, 2986.440356329205
0.054497245383987314, 9994.066395917667, 6065.420898556574, 0.19205362036477042, 0, 0, 0, 0, 1.0, 0.20574953534007834, 2982.926538718494
0.054497245383987314, 9994.066395917667, 6065.420898556574, 0.19502609170856802, 0, 0, 0, 0, 1.0, 0.20574953534007834, 2977.0405108353275
0.054497245383987314, 9994.066395917667, 6065.420898556574, 0.1983489742373344, 0, 0, 0, 0, 1.0, 0.20574953534007834, 2971.511734112234
0.054497245383987314, 9994.066395917667, 6065.420898556574, 0.20206957320602073, 0, 0, 0, 0, 1.0, 0.20574953534007834, 2966.4076919631275
0.054497245383987314, 9994.066395917667, 6065.420898556574, 0.20624289018756262, 0, 0, 0, 0, 1.0, 0.20574953534007834, 2961.704454137641
0.054497245383987314, 9994.066395917667, 6065.420898556574, 0.21093315766716836, 0, 0, 0, 0, 1.0, 0.20574953534007834, 2957.702737103947
0.054497245383987314, 9994.066395917667, 6065.420898556574, 0.21621574126730977, 0, 0, 0, 0, 1.0, 0.20574953534007834, 2954.6727756815494
0.05376085918553853, 9994.066395917667, 6065.420898556574, 0.21621574126730977, 0, 0, 0, 0, 1.0, 0.20574953534007834, 2947.845308835033
0.05376085918553853, 9994.066395917667, 5975.328115374936, 0.21621574126730977, 0, 0, 0, 0, 1.0, 0.20574953534007834, 2906.5193513056765
0.05376085918553853, 10159.94446497163, 5975.328115374936, 0.21621574126730977, 0, 0, 0, 0, 1.0, 0.20574953534007834, 2900.7164867269594
0.05376085918553853, 10159.94446497163, 5975.328115374936, 0.2201665428570677, 0, 0, 0, 0, 1.0, 0.20574953534007834, 2896.7724299357633
0.05376085918553853, 10159.94446497163, 5975.328115374936, 0.22459585580319696, 0, 0, 0, 0, 1.0, 0.20574953534007834, 2893.574179217224
0.05346718710416405, 10159.94446497163, 5975.328115374936, 0.22459585580319696, 0, 0, 0, 0, 1.0, 0.20574953534007834, 2878.1500963993676
0.05346718710416405, 10221.345883016731, 5975.328115374936, 0.22459585580319696, 0, 0, 0, 0, 1.0, 0.20574953534007834, 2874.560216162385
