W, K, Conc_treshold, Max_effect, empty_1, empty_2, empty_3, empty_4, P_comp, D_comp, Deviation
0.007514291889260236, 1619.9994933925814, 34.64499272768644, 0.5401300582307865, 0, 0, 0, 0, 1.0, 0.11881553926666977, 15780.84593179916
0.055523524313483466, 1619.9994933925814, 34.64499272768644, 0.5401300582307865, 0, 0, 0, 0, 1.0, 0.11881553926666977, 12354.661623675474
0.055523524313483466, 11970.267136917017, 34.64499272768644, 0.5401300582307865, 0, 0, 0, 0, 1.0, 0.11881553926666977, 12038.253765390127
0.055523524313483466, 11970.267136917017, 34.64499272768644, 0.07309865441527161, 0, 0, 0, 0, 1.0, 0.11881553926666977, 9070.537950137963
0.055523524313483466, 4403.615185001913, 34.64499272768644, 0.07309865441527161, 0, 0, 0, 0, 1.0, 0.11881553926666977, 7830.760688502012
0.055523524313483466, 7632.579308931255, 34.64499272768644, 0.07309865441527161, 0, 0, 0, 0, 1.0, 0.11881553926666977, 6381.71203784949
0.055523524313483466, 7632.579308931255, 34.64499272768644, 0.05401760214701626, 0, 0, 0, 0, 1.0, 0.11881553926666977, 6359.358521295475
0.055523524313483466, 7632.579308931255, 34.64499272768644, 0.06379564699690994, 0, 0, 0, 0, 1.0, 0.11881553926666977, 6305.941992172216
0.05066830374702263, 7632.579308931255, 34.64499272768644, 0.06379564699690994, 0, 0, 0, 0, 1.0, 0.11881553926666977, 5975.734209728979
0.05066830374702263, 8440.847443151095, 34.64499272768644, 0.06379564699690994, 0, 0, 0, 0, 1.0, 0.11881553926666977, 5820.866599232298
0.05066830374702263, 8440.847443151095, 34.64499272768644, 0.07126515666398109, 0, 0, 0, 0, 1.0, 0.11881553926666977, 5732.868125364276
0.05066830374702263, 8440.847443151095, 34.64499272768644, 0.08049558517584218, 0, 0, 0, 0, 1.0, 0.11881553926666977, 5708.359882763572
0.047385363407289646, 8440.847443151095, 34.64499272768644, 0.08049558517584218, 0, 0, 0, 0, 1.0, 0.11881553926666977, 5639.342249117482
0.047385363407289646, 9086.307198584067, 34.64499272768644, 0.08049558517584218, 0, 0, 0, 0, 1.0, 0.11881553926666977, 5495.372420971364
0.047385363407289646, 9853.463608401598, 34.64499272768644, 0.08049558517584218, 0, 0, 0, 0, 1.0, 0.11881553926666977, 5410.083294746137
0.047385363407289646, 9853.463608401598, 34.64499272768644, 0.08800223724999401, 0, 0, 0, 0, 1.0, 0.11881553926666977, 5366.8805339455075
0.047385363407289646, 9853.463608401598, 34.64499272768644, 0.09707055878494907, 0, 0, 0, 0, 1.0, 0.11881553926666977, 5351.5285290313805
0.04612441979344799, 9853.463608401598, 34.64499272768644, 0.09707055878494907, 0, 0, 0, 0, 1.0, 0.11881553926666977, 5295.104231985653
0.04612441979344799, 10150.175383430025, 34.64499272768644, 0.09707055878494907, 0, 0, 0, 0, 1.0, 0.11881553926666977, 5266.141208133802
0.04612441979344799, 10486.888219300652, 34.64499272768644, 0.09707055878494907, 0, 0, 0, 0, 1.0, 0.11881553926666977, 5246.640552755975
0.04612441979344799, 10870.187630217008, 34.64499272768644, 0.09707055878494907, 0, 0, 0, 0, 1.0, 0.11881553926666977, 5240.595325203544
0.04612441979344799, 10870.187630217008, 34.64499272768644, 0.10098037321203507, 0, 0, 0, 0, 1.0, 0.11881553926666977, 5234.63002431985
0.04513346983758429, 10870.187630217008, 34.64499272768644, 0.10098037321203507, 0, 0, 0, 0, 1.0, 0.11881553926666977, 5190.937082409563
0.04513346983758429, 11133.006248214295, 34.64499272768644, 0.10098037321203507, 0, 0, 0, 0, 1.0, 0.11881553926666977, 5174.924555034072
0.04513346983758429, 11429.451954359369, 34.64499272768644, 0.10098037321203507, 0, 0, 0, 0, 1.0, 0.11881553926666977, 5164.623165885799
0.04513346983758429, 11429.451954359369, 34.64499272768644, 0.10394203621378792, 0, 0, 0, 0, 1.0, 0.11881553926666977, 5155.83686639821
0.04513346983758429, 11429.451954359369, 34.64499272768644, 0.10730028960435754, 0, 0, 0, 0, 1.0, 0.11881553926666977, 5148.639325996982
0.04513346983758429, 11429.451954359369, 34.64499272768644, 0.11111982155026039, 0, 0, 0, 0, 1.0, 0.11881553926666977, 5143.418510830298
0.04427350147026984, 11429.451954359369, 34.64499272768644, 0.11111982155026039, 0, 0, 0, 0, 1.0, 0.11881553926666977, 5122.874145418574
0.04427350147026984, 11673.893964619689, 34.64499272768644, 0.11111982155026039, 0, 0, 0, 0, 1.0, 0.11881553926666977, 5106.655722940008
0.04427350147026984, 11948.822670812391, 34.64499272768644, 0.11111982155026039, 0, 0, 0, 0, 1.0, 0.11881553926666977, 5094.017370100616
0.04427350147026984, 12258.728448326525, 34.64499272768644, 0.11111982155026039, 0, 0, 0, 0, 1.0, 0.11881553926666977, 5086.481753816069
0.04427350147026984, 12258.728448326525, 34.64499272768644, 0.1142941165441426, 0, 0, 0, 0, 1.0, 0.11881553926666977, 5079.871976843534
0.04427350147026984, 12258.728448326525, 34.64499272768644, 0.11789067348718851, 0, 0, 0, 0, 1.0, 0.11881553926666977, 5074.4867335802355
0.043525453514669674, 12258.728448326525, 34.64499272768644, 0.11789067348718851, 0, 0, 0, 0, 1.0, 0.11881553926666977, 5065.203062141349
0.043525453514669674, 12490.678982528249, 34.64499272768644, 0.11789067348718851, 0, 0, 0, 0, 1.0, 0.11881553926666977, 5051.923581577025
0.043525453514669674, 12750.89681235498, 34.64499272768644, 0.11789067348718851, 0, 0, 0, 0, 1.0, 0.11881553926666977, 5040.984478221224
0.043525453514669674, 13043.402132711622, 34.64499272768644, 0.11789067348718851, 0, 0, 0, 0, 1.0, 0.11881553926666977, 5033.417671308767
0.043525453514669674, 13043.402132711622, 34.64499272768644, 0.12086891309469804, 0, 0, 0, 0, 1.0, 0.11881553926666977, 5026.917174252889
0.043525453514669674, 13043.402132711622, 34.64499272768644, 0.12423194983498391, 0, 0, 0, 0, 1.0, 0.11881553926666977, 5021.116974540739
0.04319820157134421, 13043.402132711622, 34.64499272768644, 0.12423194983498391, 0, 0, 0, 0, 1.0, 0.11881553926666977, 5015.474277042311
