W, K, Max_effect, TransitionWidth, TransitionConc, empty_2, empty_3, Flag_consumption_model, Init_conc_comp, D_comp, Deviation
0.00432781070896924, 5094.967252996976, 0.569376076928025, 50.20608948049578, 0.11718186536004427, 0, 0, 1, 1.0, 0.0006523724983199347, 15933.167810832412
0.03197843611412654, 5094.967252996976, 0.569376076928025, 50.20608948049578, 0.11718186536004427, 0, 0, 1, 1.0, 0.0006523724983199347, 10935.098573115853
0.03197843611412654, 37646.99885460924, 0.569376076928025, 50.20608948049578, 0.11718186536004427, 0, 0, 1, 1.0, 0.0006523724983199347, 8396.184767384151
0.03197843611412654, 278175.7864930856, 0.569376076928025, 50.20608948049578, 0.11718186536004427, 0, 0, 1, 1.0, 0.0006523724983199347, 7866.503042527351
0.03197843611412654, 278175.7864930856, 4.207151773810231, 50.20608948049578, 0.11718186536004427, 0, 0, 1, 1.0, 0.0006523724983199347, 7688.003415968449
0.03197843611412654, 2055456.4917615647, 4.207151773810231, 50.20608948049578, 0.11718186536004427, 0, 0, 1, 1.0, 0.0006523724983199347, 7607.310129425926
0.03197843611412654, 15187883.326537387, 4.207151773810231, 50.20608948049578, 0.11718186536004427, 0, 0, 1, 1.0, 0.0006523724983199347, 7596.289587317996
0.036236315414218824, 15187883.326537387, 4.207151773810231, 50.20608948049578, 0.11718186536004427, 0, 0, 1, 1.0, 0.0006523724983199347, 4759.2088145252965
0.036549063163027355, 15187883.326537387, 4.207151773810231, 50.20608948049578, 0.11718186536004427, 0, 0, 1, 1.0, 0.0006523724983199347, 4738.301028600993
