W, K, Conc_treshold, Slope, empty_1, empty_2, empty_3, empty_4, P_comp, D_comp, Deviation
0.04887570897084699, 2040.1435895578297, 1.2179619785250693, 0.0004529362917311843, 0, 0, 0, 0, 1.0, 0.9783274792995358, 16829.73143678693
0.36114535546059645, 2040.1435895578297, 1.2179619785250693, 0.0004529362917311843, 0, 0, 0, 0, 1.0, 0.9783274792995358, 15976.454897526426
0.36114535546059645, 2040.1435895578297, 1.2179619785250693, 6.129826132958087e-05, 0, 0, 0, 0, 1.0, 0.9783274792995358, 14712.428263447884
2.668523291366598, 2040.1435895578297, 1.2179619785250693, 6.129826132958087e-05, 0, 0, 0, 0, 1.0, 0.9783274792995358, 14490.037881271866
19.717868301210853, 2040.1435895578297, 1.2179619785250693, 6.129826132958087e-05, 0, 0, 0, 0, 1.0, 0.9783274792995358, 14168.614577555953
145.69643502897338, 2040.1435895578297, 1.2179619785250693, 6.129826132958087e-05, 0, 0, 0, 0, 1.0, 0.9783274792995358, 13844.695158767874
145.69643502897338, 2171.721546481101, 1.2179619785250693, 6.129826132958087e-05, 0, 0, 0, 0, 1.0, 0.9783274792995358, 13731.40163809355
145.69643502897338, 2247.6724012198747, 1.2179619785250693, 6.129826132958087e-05, 0, 0, 0, 0, 1.0, 0.9783274792995358, 13672.20794566442
145.69643502897338, 2290.571712262792, 1.2179619785250693, 6.129826132958087e-05, 0, 0, 0, 0, 1.0, 0.9783274792995358, 13640.772132012331
