W, K, Conc_treshold, Slope, empty_1, empty_2, empty_3, empty_4, P_comp, D_comp, Deviation
0.017080060020891175, 3505.798769141567, 5258.365763121055, 2.133930884471941e-06, 0, 0, 0, 0, 1.0, 0.013035407939300305, 16164.995048224411
0.1262055216674675, 3505.798769141567, 5258.365763121055, 2.133930884471941e-06, 0, 0, 0, 0, 1.0, 0.013035407939300305, 15241.22575631097
0.1262055216674675, 3505.798769141567, 5258.365763121055, 2.133930884471941e-06, 0, 0, 0, 0, 1.0, 0.09631936053593594, 13769.56429764408
0.1262055216674675, 25904.543776749062, 5258.365763121055, 2.133930884471941e-06, 0, 0, 0, 0, 1.0, 0.09631936053593594, 13010.143569170505
0.1262055216674675, 9529.749088391609, 5258.365763121055, 2.133930884471941e-06, 0, 0, 0, 0, 1.0, 0.09631936053593594, 12539.334080583461
0.1262055216674675, 12546.206998659307, 5258.365763121055, 2.133930884471941e-06, 0, 0, 0, 0, 1.0, 0.09631936053593594, 12525.450518764175
0.10849040137290561, 12546.206998659307, 5258.365763121055, 2.133930884471941e-06, 0, 0, 0, 0, 1.0, 0.09631936053593594, 12446.064699487255
0.10849040137290561, 14817.269945790087, 5258.365763121055, 2.133930884471941e-06, 0, 0, 0, 0, 1.0, 0.09631936053593594, 12392.76761409061
0.10849040137290561, 17793.01365060837, 5258.365763121055, 2.133930884471941e-06, 0, 0, 0, 0, 1.0, 0.09631936053593594, 12366.696995677416
