W, K, Conc_treshold, Slope, empty_1, empty_2, empty_3, empty_4, P_comp, D_comp, Deviation
0.08332737579511781, 1621.318971501327, 3173.2739277217083, 0.0007459456037786968, 0, 0, 0, 0, 1.0, 0.03264008736884569, 12537.725475894422
0.08332737579511781, 1621.318971501327, 3173.2739277217083, 0.0007459456037786968, 0, 0, 0, 0, 1.0, 0.24117943664239852, 12079.87795973457
0.08332737579511781, 1621.318971501327, 3173.2739277217083, 0.000100952759566496, 0, 0, 0, 0, 1.0, 0.24117943664239852, 11904.120524036396
0.08332737579511781, 4407.201898367965, 3173.2739277217083, 0.000100952759566496, 0, 0, 0, 0, 1.0, 0.24117943664239852, 9683.751741478038
0.08332737579511781, 4407.201898367965, 3173.2739277217083, 3.360425447921119e-05, 0, 0, 0, 0, 1.0, 0.24117943664239852, 8917.273754452506
0.08332737579511781, 4407.201898367965, 3173.2739277217083, 1.0020697262970381e-05, 0, 0, 0, 0, 1.0, 0.24117943664239852, 7020.221517421257
0.08332737579511781, 4407.201898367965, 4426.077889766702, 1.0020697262970381e-05, 0, 0, 0, 0, 1.0, 0.24117943664239852, 7002.69987033068
0.08332737579511781, 4407.201898367965, 4426.077889766702, 1.4449758192833214e-05, 0, 0, 0, 0, 1.0, 0.24117943664239852, 6701.69368935064
0.08332737579511781, 5390.045076746549, 4426.077889766702, 1.4449758192833214e-05, 0, 0, 0, 0, 1.0, 0.24117943664239852, 6680.796927592413
0.06677521716493713, 5390.045076746549, 4426.077889766702, 1.4449758192833214e-05, 0, 0, 0, 0, 1.0, 0.24117943664239852, 5917.926973384059
0.06677521716493713, 6876.730943195429, 4426.077889766702, 1.4449758192833214e-05, 0, 0, 0, 0, 1.0, 0.24117943664239852, 4833.703789029389
0.06677521716493713, 6876.730943195429, 4426.077889766702, 1.888987910618182e-05, 0, 0, 0, 0, 1.0, 0.24117943664239852, 4759.337477068555
0.062031737289308414, 6876.730943195429, 4426.077889766702, 1.888987910618182e-05, 0, 0, 0, 0, 1.0, 0.24117943664239852, 4562.370567897404
0.062031737289308414, 7457.332953050987, 4426.077889766702, 1.888987910618182e-05, 0, 0, 0, 0, 1.0, 0.24117943664239852, 4335.154281637493
0.062031737289308414, 7457.332953050987, 4426.077889766702, 1.888987910618182e-05, 0, 0, 0, 0, 1.0, 0.22060666287107542, 4251.484673651629
0.062031737289308414, 7457.332953050987, 4426.077889766702, 2.0836414817594064e-05, 0, 0, 0, 0, 1.0, 0.22060666287107542, 4244.841185207734
0.058774283753712436, 7457.332953050987, 4426.077889766702, 2.0836414817594064e-05, 0, 0, 0, 0, 1.0, 0.22060666287107542, 4096.073290509011
0.058774283753712436, 7913.211850994431, 4426.077889766702, 2.0836414817594064e-05, 0, 0, 0, 0, 1.0, 0.22060666287107542, 3964.6109490510007
0.058774283753712436, 7913.211850994431, 4426.077889766702, 2.0836414817594064e-05, 0, 0, 0, 0, 1.0, 0.20666762100383598, 3894.32990865583
0.058774283753712436, 7913.211850994431, 4426.077889766702, 2.238740717951239e-05, 0, 0, 0, 0, 1.0, 0.20666762100383598, 3878.6308024168925
0.056498628245097986, 7913.211850994431, 4426.077889766702, 2.238740717951239e-05, 0, 0, 0, 0, 1.0, 0.20666762100383598, 3818.8589079583826
0.056498628245097986, 8264.511317666816, 4426.077889766702, 2.238740717951239e-05, 0, 0, 0, 0, 1.0, 0.20666762100383598, 3726.6529449841637
0.056498628245097986, 8264.511317666816, 4426.077889766702, 2.238740717951239e-05, 0, 0, 0, 0, 1.0, 0.19702512677938755, 3662.4100984634792
0.056498628245097986, 8264.511317666816, 4426.077889766702, 2.3595528285424633e-05, 0, 0, 0, 0, 1.0, 0.19702512677938755, 3642.6264826892702
0.056498628245097986, 8264.511317666816, 4426.077889766702, 2.4999896061921703e-05, 0, 0, 0, 0, 1.0, 0.19702512677938755, 3629.222227444291
0.056498628245097986, 8264.511317666816, 4426.077889766702, 2.664143112918842e-05, 0, 0, 0, 0, 1.0, 0.19702512677938755, 3624.5043305796225
0.05455659564937218, 8264.511317666816, 4426.077889766702, 2.664143112918842e-05, 0, 0, 0, 0, 1.0, 0.19702512677938755, 3574.8837232182473
0.05455659564937218, 8588.689137821628, 4426.077889766702, 2.664143112918842e-05, 0, 0, 0, 0, 1.0, 0.19702512677938755, 3492.620502409644
0.05455659564937218, 8959.990719015057, 4426.077889766702, 2.664143112918842e-05, 0, 0, 0, 0, 1.0, 0.19702512677938755, 3450.7719278973873
0.05455659564937218, 8959.990719015057, 4426.077889766702, 2.791105766522417e-05, 0, 0, 0, 0, 1.0, 0.19702512677938755, 3431.969213701816
0.05455659564937218, 8959.990719015057, 4426.077889766702, 2.9377640482952742e-05, 0, 0, 0, 0, 1.0, 0.19702512677938755, 3416.763508124327
0.05455659564937218, 8959.990719015057, 4426.077889766702, 3.1080041585008556e-05, 0, 0, 0, 0, 1.0, 0.19702512677938755, 3406.358474141897
0.05455659564937218, 8959.990719015057, 4426.077889766702, 3.306684340171295e-05, 0, 0, 0, 0, 1.0, 0.19702512677938755, 3402.62839479037
0.052728586738083415, 8959.990719015057, 4426.077889766702, 3.306684340171295e-05, 0, 0, 0, 0, 1.0, 0.19702512677938755, 3375.307920591079
0.052728586738083415, 9302.267069344314, 4426.077889766702, 3.306684340171295e-05, 0, 0, 0, 0, 1.0, 0.19702512677938755, 3303.292191487763
0.052728586738083415, 9302.267069344314, 4426.077889766702, 3.306684340171295e-05, 0, 0, 0, 0, 1.0, 0.18906548234778844, 3253.367287922721
0.052728586738083415, 9302.267069344314, 4426.077889766702, 3.4601350051939485e-05, 0, 0, 0, 0, 1.0, 0.18906548234778844, 3241.8200754775303
0.052728586738083415, 9302.267069344314, 4426.077889766702, 3.6371681563804934e-05, 0, 0, 0, 0, 1.0, 0.18906548234778844, 3234.501174106304
0.05200999222705717, 9302.267069344314, 4426.077889766702, 3.6371681563804934e-05, 0, 0, 0, 0, 1.0, 0.18906548234778844, 3224.3174952936965
0.05200999222705717, 9443.741279661132, 4426.077889766702, 3.6371681563804934e-05, 0, 0, 0, 0, 1.0, 0.18906548234778844, 3202.1878051514605
0.05200999222705717, 9601.849288694193, 4426.077889766702, 3.6371681563804934e-05, 0, 0, 0, 0, 1.0, 0.18906548234778844, 3184.973466435957
0.05200999222705717, 9778.827151871204, 4426.077889766702, 3.6371681563804934e-05, 0, 0, 0, 0, 1.0, 0.18906548234778844, 3174.876754773069
0.05200999222705717, 9778.827151871204, 4426.077889766702, 3.710978629529634e-05, 0, 0, 0, 0, 1.0, 0.18906548234778844, 3170.2420709613284
0.05200999222705717, 9778.827151871204, 4426.077889766702, 3.7939013487444164e-05, 0, 0, 0, 0, 1.0, 0.18906548234778844, 3166.081940908456
0.05200999222705717, 9778.827151871204, 4426.077889766702, 3.88725805819124e-05, 0, 0, 0, 0, 1.0, 0.18906548234778844, 3162.7039414154833
0.051319244309708655, 9778.827151871204, 4426.077889766702, 3.88725805819124e-05, 0, 0, 0, 0, 1.0, 0.18906548234778844, 3150.909845180987
0.051319244309708655, 9923.707603961946, 4426.077889766702, 3.88725805819124e-05, 0, 0, 0, 0, 1.0, 0.18906548234778844, 3134.244809438789
0.051319244309708655, 10085.556540058602, 4426.077889766702, 3.88725805819124e-05, 0, 0, 0, 0, 1.0, 0.18906548234778844, 3122.460891352125
0.051319244309708655, 10266.640812660537, 4426.077889766702, 3.88725805819124e-05, 0, 0, 0, 0, 1.0, 0.18906548234778844, 3117.7294480888936
0.051319244309708655, 10266.640812660537, 4426.077889766702, 3.9641011004676624e-05, 0, 0, 0, 0, 1.0, 0.18906548234778844, 3112.677136959413
0.051319244309708655, 10266.640812660537, 4426.077889766702, 4.0503840750831065e-05, 0, 0, 0, 0, 1.0, 0.18906548234778844, 3108.039390095272
0.051319244309708655, 10266.640812660537, 4426.077889766702, 4.147466052791085e-05, 0, 0, 0, 0, 1.0, 0.18906548234778844, 3103.962927793271
0.051319244309708655, 10266.640812660537, 4426.077889766702, 4.256945953995154e-05, 0, 0, 0, 0, 1.0, 0.18906548234778844, 3100.6995800338204
0.05058908676643508, 10266.640812660537, 4426.077889766702, 4.256945953995154e-05, 0, 0, 0, 0, 1.0, 0.18906548234778844, 3086.2415703003203
0.05058908676643508, 10429.755377163186, 4426.077889766702, 4.256945953995154e-05, 0, 0, 0, 0, 1.0, 0.18906548234778844, 3071.5587586779557
0.05058908676643508, 10612.176200844002, 4426.077889766702, 4.256945953995154e-05, 0, 0, 0, 0, 1.0, 0.18906548234778844, 3062.614609170082
0.05058908676643508, 10612.176200844002, 4342.4586290507095, 4.256945953995154e-05, 0, 0, 0, 0, 1.0, 0.18906548234778844, 3058.2765340762257
0.05058908676643508, 10612.176200844002, 4342.4586290507095, 4.3472021459742566e-05, 0, 0, 0, 0, 1.0, 0.18906548234778844, 3054.958278290613
0.05000868159110548, 10612.176200844002, 4342.4586290507095, 4.3472021459742566e-05, 0, 0, 0, 0, 1.0, 0.18906548234778844, 3050.3100651845157
0.05000868159110548, 10747.736989339886, 4342.4586290507095, 4.3472021459742566e-05, 0, 0, 0, 0, 1.0, 0.18906548234778844, 3039.364297451894
0.05000868159110548, 10898.854778228828, 4342.4586290507095, 4.3472021459742566e-05, 0, 0, 0, 0, 1.0, 0.18906548234778844, 3031.806397106694
0.05000868159110548, 10898.854778228828, 4276.2734651918745, 4.3472021459742566e-05, 0, 0, 0, 0, 1.0, 0.18906548234778844, 3027.7791411466337
0.05000868159110548, 10898.854778228828, 4276.2734651918745, 4.421270399782365e-05, 0, 0, 0, 0, 1.0, 0.18906548234778844, 3024.610958538491
0.04977687909729601, 10898.854778228828, 4276.2734651918745, 4.421270399782365e-05, 0, 0, 0, 0, 1.0, 0.18906548234778844, 3020.054794868095
