W, K, Conc_treshold, Slope, empty_1, empty_2, empty_3, empty_4, P_comp, D_comp, Deviation
0.0016188323612498156, 4252.818755635821, 1.5688416747850684, 1.734144305834806e-05, 0, 0, 0, 0, 1.0, 0.03180444429615247, 16096.483392262948
0.011961643132039255, 4252.818755635821, 1.5688416747850684, 1.734144305834806e-05, 0, 0, 0, 0, 1.0, 0.03180444429615247, 15299.660924757816
0.08838525213802659, 4252.818755635821, 1.5688416747850684, 1.734144305834806e-05, 0, 0, 0, 0, 1.0, 0.03180444429615247, 12911.092632528633
0.08838525213802659, 4252.818755635821, 1.5688416747850684, 2.3469091080331257e-06, 0, 0, 0, 0, 1.0, 0.03180444429615247, 9304.277455222313
0.08838525213802659, 4252.818755635821, 1.5688416747850684, 2.3469091080331257e-06, 0, 0, 0, 0, 1.0, 0.08645344299446919, 8414.431593185851
0.06713497362825505, 4252.818755635821, 1.5688416747850684, 2.3469091080331257e-06, 0, 0, 0, 0, 1.0, 0.08645344299446919, 7754.796872087291
0.06713497362825505, 5755.074571116999, 1.5688416747850684, 2.3469091080331257e-06, 0, 0, 0, 0, 1.0, 0.08645344299446919, 6522.756604977281
0.06713497362825505, 5755.074571116999, 1.5688416747850684, 2.3469091080331257e-06, 0, 0, 0, 0, 1.0, 0.061982744869992445, 6476.8450544467405
0.0559071693298758, 5755.074571116999, 1.5688416747850684, 2.3469091080331257e-06, 0, 0, 0, 0, 1.0, 0.061982744869992445, 6341.696074748452
0.0559071693298758, 7038.504718798002, 1.5688416747850684, 2.3469091080331257e-06, 0, 0, 0, 0, 1.0, 0.061982744869992445, 5582.596892543261
0.0559071693298758, 7038.504718798002, 1.5688416747850684, 2.928658048674204e-06, 0, 0, 0, 0, 1.0, 0.061982744869992445, 5285.258684711797
0.0559071693298758, 7038.504718798002, 1.5688416747850684, 2.928658048674204e-06, 0, 0, 0, 0, 1.0, 0.048582646549567905, 5261.239967435361
0.05228478831649686, 7038.504718798002, 1.5688416747850684, 2.928658048674204e-06, 0, 0, 0, 0, 1.0, 0.048582646549567905, 5155.204956331983
0.05228478831649686, 7576.729294589313, 1.5688416747850684, 2.928658048674204e-06, 0, 0, 0, 0, 1.0, 0.048582646549567905, 4965.2318494921665
0.05228478831649686, 8216.432126197542, 1.5688416747850684, 2.928658048674204e-06, 0, 0, 0, 0, 1.0, 0.048582646549567905, 4887.591382933346
0.05228478831649686, 8216.432126197542, 1.5688416747850684, 3.2017713749210633e-06, 0, 0, 0, 0, 1.0, 0.048582646549567905, 4857.82563037486
0.04978269984520305, 8216.432126197542, 1.5688416747850684, 3.2017713749210633e-06, 0, 0, 0, 0, 1.0, 0.048582646549567905, 4766.80792910114
0.04978269984520305, 8671.81233961913, 1.5688416747850684, 3.2017713749210633e-06, 0, 0, 0, 0, 1.0, 0.048582646549567905, 4688.015860912072
0.04978269984520305, 8671.81233961913, 1.5688416747850684, 3.397500868971441e-06, 0, 0, 0, 0, 1.0, 0.048582646549567905, 4643.445433360153
0.04978269984520305, 8671.81233961913, 1.5688416747850684, 3.6266509730203778e-06, 0, 0, 0, 0, 1.0, 0.048582646549567905, 4616.313405920219
0.04978269984520305, 8671.81233961913, 1.5688416747850684, 3.896606625551765e-06, 0, 0, 0, 0, 1.0, 0.048582646549567905, 4610.874633159781
0.04785518549877292, 8671.81233961913, 1.5688416747850684, 3.896606625551765e-06, 0, 0, 0, 0, 1.0, 0.048582646549567905, 4588.797693621287
0.04785518549877292, 9056.789148954567, 1.5688416747850684, 3.896606625551765e-06, 0, 0, 0, 0, 1.0, 0.048582646549567905, 4511.866727293261
0.04785518549877292, 9500.032295087021, 1.5688416747850684, 3.896606625551765e-06, 0, 0, 0, 0, 1.0, 0.048582646549567905, 4467.778114041677
0.04785518549877292, 9500.032295087021, 1.5688416747850684, 4.106884335159631e-06, 0, 0, 0, 0, 1.0, 0.048582646549567905, 4453.367960649944
0.04716847980328097, 9500.032295087021, 1.5688416747850684, 4.106884335159631e-06, 0, 0, 0, 0, 1.0, 0.048582646549567905, 4442.253114514891
0.04716847980328097, 9652.280151535568, 1.5688416747850684, 4.106884335159631e-06, 0, 0, 0, 0, 1.0, 0.048582646549567905, 4427.426031835638
0.04716847980328097, 9822.572412338832, 1.5688416747850684, 4.106884335159631e-06, 0, 0, 0, 0, 1.0, 0.048582646549567905, 4416.589425172202
0.04716847980328097, 10013.366031089303, 1.5688416747850684, 4.106884335159631e-06, 0, 0, 0, 0, 1.0, 0.048582646549567905, 4411.44812836021
0.04716847980328097, 10013.366031089303, 1.5688416747850684, 4.194718385891184e-06, 0, 0, 0, 0, 1.0, 0.048582646549567905, 4406.462464061415
0.046622675638324625, 10013.366031089303, 1.5688416747850684, 4.194718385891184e-06, 0, 0, 0, 0, 1.0, 0.048582646549567905, 4393.296848383466
0.046622675638324625, 10142.388597910856, 1.5688416747850684, 4.194718385891184e-06, 0, 0, 0, 0, 1.0, 0.048582646549567905, 4385.9735600487475
0.046622675638324625, 10286.23438529864, 1.5688416747850684, 4.194718385891184e-06, 0, 0, 0, 0, 1.0, 0.048582646549567905, 4381.379529210242
0.046622675638324625, 10286.23438529864, 1.5688416747850684, 4.260205968390633e-06, 0, 0, 0, 0, 1.0, 0.048582646549567905, 4376.5876307422795
0.04622712784282901, 10286.23438529864, 1.5688416747850684, 4.260205968390633e-06, 0, 0, 0, 0, 1.0, 0.048582646549567905, 4372.187717950499
0.04622712784282901, 10383.092597514298, 1.5688416747850684, 4.260205968390633e-06, 0, 0, 0, 0, 1.0, 0.048582646549567905, 4366.927193237762
