W, K, Conc_treshold, Slope, empty_1, empty_2, empty_3, empty_4, P_comp, D_comp, Deviation
0.020766160993405638, 1628.5927597623518, 49.08882093316354, 0.001256685361083768, 0, 0, 0, 0, 1.0, 0.015221509083571439, 14586.746738817843
0.1534423285396997, 1628.5927597623518, 49.08882093316354, 0.001256685361083768, 0, 0, 0, 0, 1.0, 0.015221509083571439, 13505.221977110517
0.1534423285396997, 1628.5927597623518, 49.08882093316354, 0.00017007386928157665, 0, 0, 0, 0, 1.0, 0.015221509083571439, 13488.727014329788
0.1534423285396997, 1628.5927597623518, 49.08882093316354, 2.301699527036882e-05, 0, 0, 0, 0, 1.0, 0.015221509083571439, 13322.191654191163
0.1534423285396997, 1628.5927597623518, 49.08882093316354, 3.1150115741711393e-06, 0, 0, 0, 0, 1.0, 0.015221509083571439, 12729.649971292503
0.1534423285396997, 1628.5927597623518, 49.08882093316354, 3.1150115741711393e-06, 0, 0, 0, 0, 1.0, 0.11247258452889183, 12398.616957191325
0.1534423285396997, 2685.0955243284134, 49.08882093316354, 3.1150115741711393e-06, 0, 0, 0, 0, 1.0, 0.11247258452889183, 11166.200248411586
0.08852852235532008, 2685.0955243284134, 49.08882093316354, 3.1150115741711393e-06, 0, 0, 0, 0, 1.0, 0.11247258452889183, 10026.62790391748
0.08852852235532008, 4917.087109995711, 49.08882093316354, 3.1150115741711393e-06, 0, 0, 0, 0, 1.0, 0.11247258452889183, 8893.074113238183
0.08852852235532008, 4917.087109995711, 49.08882093316354, 3.1150115741711393e-06, 0, 0, 0, 0, 1.0, 0.21881125280624023, 8119.203650222479
0.08852852235532008, 4917.087109995711, 102.07229424226945, 3.1150115741711393e-06, 0, 0, 0, 0, 1.0, 0.21881125280624023, 8107.73342282157
0.08852852235532008, 4917.087109995711, 228.36296829110196, 3.1150115741711393e-06, 0, 0, 0, 0, 1.0, 0.21881125280624023, 8082.590804271863
0.08852852235532008, 4917.087109995711, 553.7519425302945, 3.1150115741711393e-06, 0, 0, 0, 0, 1.0, 0.21881125280624023, 8035.321238676267
0.08852852235532008, 4917.087109995711, 901.352221704778, 3.1150115741711393e-06, 0, 0, 0, 0, 1.0, 0.21881125280624023, 8019.285806514945
0.08852852235532008, 4917.087109995711, 901.352221704778, 4.07219216164008e-06, 0, 0, 0, 0, 1.0, 0.21881125280624023, 7818.47775419738
0.08852852235532008, 4917.087109995711, 1210.3193939287792, 4.07219216164008e-06, 0, 0, 0, 0, 1.0, 0.21881125280624023, 7689.874571694258
0.08852852235532008, 4917.087109995711, 1673.8093793274477, 4.07219216164008e-06, 0, 0, 0, 0, 1.0, 0.21881125280624023, 7558.671531801556
0.08852852235532008, 4917.087109995711, 2391.071716733127, 4.07219216164008e-06, 0, 0, 0, 0, 1.0, 0.21881125280624023, 7524.340517245571
0.08852852235532008, 4917.087109995711, 2391.071716733127, 6.028420379848567e-06, 0, 0, 0, 0, 1.0, 0.21881125280624023, 7484.083850815833
0.08852852235532008, 4917.087109995711, 3681.335464373262, 6.028420379848567e-06, 0, 0, 0, 0, 1.0, 0.21881125280624023, 6996.160395116654
0.08852852235532008, 4917.087109995711, 3681.335464373262, 6.788003338476244e-06, 0, 0, 0, 0, 1.0, 0.21881125280624023, 6965.6429888607745
0.07769460189639289, 4917.087109995711, 3681.335464373262, 6.788003338476244e-06, 0, 0, 0, 0, 1.0, 0.21881125280624023, 6707.864390511202
0.07769460189639289, 5676.354482291523, 3681.335464373262, 6.788003338476244e-06, 0, 0, 0, 0, 1.0, 0.21881125280624023, 6173.261503382749
0.07769460189639289, 5676.354482291523, 3681.335464373262, 7.949500015831977e-06, 0, 0, 0, 0, 1.0, 0.21881125280624023, 6046.116415357721
0.07122985720420245, 5676.354482291523, 3681.335464373262, 7.949500015831977e-06, 0, 0, 0, 0, 1.0, 0.21881125280624023, 5838.266657726738
0.07122985720420245, 6245.55673803041, 3681.335464373262, 7.949500015831977e-06, 0, 0, 0, 0, 1.0, 0.21881125280624023, 5565.631212337818
0.07122985720420245, 6245.55673803041, 3681.335464373262, 8.830628786294408e-06, 0, 0, 0, 0, 1.0, 0.21881125280624023, 5450.745463729332
0.07122985720420245, 6245.55673803041, 3681.335464373262, 9.913080301916846e-06, 0, 0, 0, 0, 1.0, 0.21881125280624023, 5417.992447136873
0.07122985720420245, 6245.55673803041, 4180.652689638771, 9.913080301916846e-06, 0, 0, 0, 0, 1.0, 0.21881125280624023, 5374.802775023656
0.07122985720420245, 6245.55673803041, 4180.652689638771, 1.140174145784584e-05, 0, 0, 0, 0, 1.0, 0.21881125280624023, 5322.321844766843
0.06595423132819551, 6245.55673803041, 4180.652689638771, 1.140174145784584e-05, 0, 0, 0, 0, 1.0, 0.21881125280624023, 5110.262730933641
0.06595423132819551, 6797.238516533103, 4180.652689638771, 1.140174145784584e-05, 0, 0, 0, 0, 1.0, 0.21881125280624023, 4879.252116916056
0.06595423132819551, 6797.238516533103, 4180.652689638771, 1.251436090669787e-05, 0, 0, 0, 0, 1.0, 0.21881125280624023, 4794.443463568294
0.06595423132819551, 6797.238516533103, 4180.652689638771, 1.3864043458202099e-05, 0, 0, 0, 0, 1.0, 0.21881125280624023, 4754.0588208429845
0.06234160565678963, 6797.238516533103, 4180.652689638771, 1.3864043458202099e-05, 0, 0, 0, 0, 1.0, 0.21881125280624023, 4611.276890223005
0.06234160565678963, 7231.754210351706, 4180.652689638771, 1.3864043458202099e-05, 0, 0, 0, 0, 1.0, 0.21881125280624023, 4456.425559303552
0.06234160565678963, 7231.754210351706, 4180.652689638771, 1.4841991318635575e-05, 0, 0, 0, 0, 1.0, 0.21881125280624023, 4390.485362919126
0.06234160565678963, 7231.754210351706, 4180.652689638771, 1.5997593665183032e-05, 0, 0, 0, 0, 1.0, 0.21881125280624023, 4342.894735195104
0.06234160565678963, 7231.754210351706, 4180.652689638771, 1.7372943164373688e-05, 0, 0, 0, 0, 1.0, 0.21881125280624023, 4317.511056674142
0.059576869358276864, 7231.754210351706, 4180.652689638771, 1.7372943164373688e-05, 0, 0, 0, 0, 1.0, 0.21881125280624023, 4217.639656388407
0.059576869358276864, 7601.7571826471085, 4180.652689638771, 1.7372943164373688e-05, 0, 0, 0, 0, 1.0, 0.21881125280624023, 4098.949167657473
0.059576869358276864, 7601.7571826471085, 4180.652689638771, 1.7372943164373688e-05, 0, 0, 0, 0, 1.0, 0.20712488632038062, 4040.085812865593
0.059576869358276864, 7601.7571826471085, 4180.652689638771, 1.845416950859396e-05, 0, 0, 0, 0, 1.0, 0.20712488632038062, 4018.027579408919
0.059576869358276864, 7601.7571826471085, 4180.652689638771, 1.972139913410055e-05, 0, 0, 0, 0, 1.0, 0.20712488632038062, 4009.190546205187
0.059576869358276864, 7601.7571826471085, 4497.504729761435, 1.972139913410055e-05, 0, 0, 0, 0, 1.0, 0.20712488632038062, 4002.8171176768674
0.059576869358276864, 7601.7571826471085, 4497.504729761435, 2.1371648148967927e-05, 0, 0, 0, 0, 1.0, 0.20712488632038062, 3971.963717655694
0.059576869358276864, 7601.7571826471085, 4497.504729761435, 2.3346852403316585e-05, 0, 0, 0, 0, 1.0, 0.20712488632038062, 3958.2927379888843
0.05674962564545598, 7601.7571826471085, 4497.504729761435, 2.3346852403316585e-05, 0, 0, 0, 0, 1.0, 0.20712488632038062, 3925.9605769075724
0.05674962564545598, 8019.367904302062, 4497.504729761435, 2.3346852403316585e-05, 0, 0, 0, 0, 1.0, 0.20712488632038062, 3773.9603132587154
0.05674962564545598, 8019.367904302062, 4497.504729761435, 2.3346852403316585e-05, 0, 0, 0, 0, 1.0, 0.19529158206361327, 3686.0732605597977
0.05674962564545598, 8019.367904302062, 4497.504729761435, 2.4907605188863992e-05, 0, 0, 0, 0, 1.0, 0.19529158206361327, 3665.2632381859544
0.05674962564545598, 8019.367904302062, 4497.504729761435, 2.6745207517902583e-05, 0, 0, 0, 0, 1.0, 0.19529158206361327, 3654.6139708445576
0.05564954929217365, 8019.367904302062, 4497.504729761435, 2.6745207517902583e-05, 0, 0, 0, 0, 1.0, 0.19529158206361327, 3607.2275020726534
0.05564954929217365, 8193.91817428311, 4497.504729761435, 2.6745207517902583e-05, 0, 0, 0, 0, 1.0, 0.19529158206361327, 3568.104114609304
0.05564954929217365, 8390.314804032458, 4497.504729761435, 2.6745207517902583e-05, 0, 0, 0, 0, 1.0, 0.19529158206361327, 3541.143105013716
0.05564954929217365, 8611.792406048839, 4497.504729761435, 2.6745207517902583e-05, 0, 0, 0, 0, 1.0, 0.19529158206361327, 3532.078965610472
0.05407727826482034, 8611.792406048839, 4497.504729761435, 2.6745207517902583e-05, 0, 0, 0, 0, 1.0, 0.19529158206361327, 3518.7773541743168
0.05407727826482034, 8611.792406048839, 4497.504729761435, 2.6745207517902583e-05, 0, 0, 0, 0, 1.0, 0.1892308825962107, 3456.1726892568977
0.05407727826482034, 8915.674649354776, 4497.504729761435, 2.6745207517902583e-05, 0, 0, 0, 0, 1.0, 0.1892308825962107, 3410.3382802701626
0.05407727826482034, 8915.674649354776, 4497.504729761435, 2.7785146915265116e-05, 0, 0, 0, 0, 1.0, 0.1892308825962107, 3394.0055842573333
0.05407727826482034, 8915.674649354776, 4497.504729761435, 2.8975844048207676e-05, 0, 0, 0, 0, 1.0, 0.1892308825962107, 3379.903486799166
0.05407727826482034, 8915.674649354776, 4497.504729761435, 3.034462909355641e-05, 0, 0, 0, 0, 1.0, 0.1892308825962107, 3369.027185090365
0.05407727826482034, 8915.674649354776, 4497.504729761435, 3.192509108969246e-05, 0, 0, 0, 0, 1.0, 0.1892308825962107, 3362.5339428921216
0.053327471162441485, 8915.674649354776, 4497.504729761435, 3.192509108969246e-05, 0, 0, 0, 0, 1.0, 0.1892308825962107, 3327.7653501786003
0.053327471162441485, 9053.665213424825, 4497.504729761435, 3.192509108969246e-05, 0, 0, 0, 0, 1.0, 0.1892308825962107, 3309.9757548948864
0.053327471162441485, 9207.922860160344, 4497.504729761435, 3.192509108969246e-05, 0, 0, 0, 0, 1.0, 0.1892308825962107, 3298.3594638528702
0.053327471162441485, 9207.922860160344, 4497.504729761435, 3.252393694427903e-05, 0, 0, 0, 0, 1.0, 0.1892308825962107, 3293.584635352454
0.053327471162441485, 9207.922860160344, 4497.504729761435, 3.31956496430423e-05, 0, 0, 0, 0, 1.0, 0.1892308825962107, 3289.2229681755957
0.053327471162441485, 9207.922860160344, 4497.504729761435, 3.395056767121555e-05, 0, 0, 0, 0, 1.0, 0.1892308825962107, 3285.2788456054723
0.052671994288659, 9207.922860160344, 4497.504729761435, 3.395056767121555e-05, 0, 0, 0, 0, 1.0, 0.1892308825962107, 3265.8768402793294
0.052671994288659, 9334.047840551786, 4497.504729761435, 3.395056767121555e-05, 0, 0, 0, 0, 1.0, 0.1892308825962107, 3250.3802079716966
0.052671994288659, 9474.781593086998, 4497.504729761435, 3.395056767121555e-05, 0, 0, 0, 0, 1.0, 0.1892308825962107, 3239.386405091097
0.052671994288659, 9632.04075198265, 4497.504729761435, 3.395056767121555e-05, 0, 0, 0, 0, 1.0, 0.1892308825962107, 3234.7612058572813
0.052671994288659, 9632.04075198265, 4497.504729761435, 3.4570929333795854e-05, 0, 0, 0, 0, 1.0, 0.1892308825962107, 3230.0893079555503
0.052671994288659, 9632.04075198265, 4497.504729761435, 3.526642767278422e-05, 0, 0, 0, 0, 1.0, 0.1892308825962107, 3225.673652937616
0.052671994288659, 9632.04075198265, 4497.504729761435, 3.604764744442237e-05, 0, 0, 0, 0, 1.0, 0.1892308825962107, 3221.7204212337315
0.05204107519661714, 9632.04075198265, 4497.504729761435, 3.604764744442237e-05, 0, 0, 0, 0, 1.0, 0.1892308825962107, 3198.587600709694
0.05204107519661714, 9760.569605115621, 4497.504729761435, 3.604764744442237e-05, 0, 0, 0, 0, 1.0, 0.1892308825962107, 3188.1655351855634
0.05204107519661714, 9760.569605115621, 4497.504729761435, 3.604764744442237e-05, 0, 0, 0, 0, 1.0, 0.18649168731560692, 3178.60799981275
0.05204107519661714, 9760.569605115621, 4497.504729761435, 3.663048907327479e-05, 0, 0, 0, 0, 1.0, 0.18649168731560692, 3174.497018378608
0.05204107519661714, 9760.569605115621, 4497.504729761435, 3.7282505152383715e-05, 0, 0, 0, 0, 1.0, 0.18649168731560692, 3170.608635779967
0.05204107519661714, 9760.569605115621, 4497.504729761435, 3.801313542345618e-05, 0, 0, 0, 0, 1.0, 0.18649168731560692, 3167.0891048158014
0.05148853407934687, 9760.569605115621, 4497.504729761435, 3.801313542345618e-05, 0, 0, 0, 0, 1.0, 0.18649168731560692, 3157.4914431254288
0.05148853407934687, 9875.8496513294, 4497.504729761435, 3.801313542345618e-05, 0, 0, 0, 0, 1.0, 0.18649168731560692, 3145.448349954206
0.05148853407934687, 10004.23090817904, 4497.504729761435, 3.801313542345618e-05, 0, 0, 0, 0, 1.0, 0.18649168731560692, 3136.555511134007
0.05148853407934687, 10147.378696206144, 4497.504729761435, 3.801313542345618e-05, 0, 0, 0, 0, 1.0, 0.18649168731560692, 3131.9736791341734
0.05148853407934687, 10147.378696206144, 4497.504729761435, 3.861187309969009e-05, 0, 0, 0, 0, 1.0, 0.18649168731560692, 3127.7056343775016
0.05148853407934687, 10147.378696206144, 4497.504729761435, 3.928138258912758e-05, 0, 0, 0, 0, 1.0, 0.18649168731560692, 3123.461655002323
0.05148853407934687, 10147.378696206144, 4497.504729761435, 4.003125907409546e-05, 0, 0, 0, 0, 1.0, 0.18649168731560692, 3119.5943008282934
0.05148853407934687, 10147.378696206144, 4497.504729761435, 4.08726675601635e-05, 0, 0, 0, 0, 1.0, 0.18649168731560692, 3116.0260857268395
0.05090283539229397, 10147.378696206144, 4497.504729761435, 4.08726675601635e-05, 0, 0, 0, 0, 1.0, 0.18649168731560692, 3103.9568097056604
0.05090283539229397, 10275.885983185655, 4497.504729761435, 4.08726675601635e-05, 0, 0, 0, 0, 1.0, 0.18649168731560692, 3093.3961753169237
0.05090283539229397, 10419.124468817696, 4497.504729761435, 4.08726675601635e-05, 0, 0, 0, 0, 1.0, 0.18649168731560692, 3086.5833854778184
0.05090283539229397, 10419.124468817696, 4429.53853756687, 4.08726675601635e-05, 0, 0, 0, 0, 1.0, 0.18649168731560692, 3081.784730901748
0.05090283539229397, 10419.124468817696, 4429.53853756687, 4.156305305985232e-05, 0, 0, 0, 0, 1.0, 0.18649168731560692, 3078.514273968529
0.05043604479943237, 10419.124468817696, 4429.53853756687, 4.156305305985232e-05, 0, 0, 0, 0, 1.0, 0.18649168731560692, 3072.546206119354
0.05043604479943237, 10525.246451397323, 4429.53853756687, 4.156305305985232e-05, 0, 0, 0, 0, 1.0, 0.18649168731560692, 3064.757241166504
0.05043604479943237, 10643.229477276145, 4429.53853756687, 4.156305305985232e-05, 0, 0, 0, 0, 1.0, 0.18649168731560692, 3059.2043059013004
0.05043604479943237, 10643.229477276145, 4375.5557025847875, 4.156305305985232e-05, 0, 0, 0, 0, 1.0, 0.18649168731560692, 3055.2033392722674
0.050266259996827205, 10643.229477276145, 4375.5557025847875, 4.156305305985232e-05, 0, 0, 0, 0, 1.0, 0.18649168731560692, 3052.0224473009935
