W, K, Conc_treshold, Slope, empty_1, empty_2, empty_3, empty_4, P_comp, D_comp, Deviation
0.6908763165473809, 1088.8584475063878, 7209.728789268879, 4.75544605581677e-06, 0, 0, 0, 0, 1.0, 0.04830808425423525, 13916.560335039454
0.09349994198140749, 1088.8584475063878, 7209.728789268879, 4.75544605581677e-06, 0, 0, 0, 0, 1.0, 0.04830808425423525, 13637.709530321179
0.09349994198140749, 1088.8584475063878, 7209.728789268879, 4.75544605581677e-06, 0, 0, 0, 0, 1.0, 0.006537788265165078, 13424.81984357082
0.09349994198140749, 2959.824131620741, 7209.728789268879, 4.75544605581677e-06, 0, 0, 0, 0, 1.0, 0.006537788265165078, 10006.420565911078
0.09349994198140749, 2959.824131620741, 21659.22227059002, 4.75544605581677e-06, 0, 0, 0, 0, 1.0, 0.006537788265165078, 9271.817405378442
0.09349994198140749, 2959.824131620741, 21659.22227059002, 4.75544605581677e-06, 0, 0, 0, 0, 1.0, 0.021924372608846204, 9209.218780965515
0.09349994198140749, 4128.35842254882, 21659.22227059002, 4.75544605581677e-06, 0, 0, 0, 0, 1.0, 0.021924372608846204, 8094.507167209724
0.09349994198140749, 4128.35842254882, 31232.409905384324, 4.75544605581677e-06, 0, 0, 0, 0, 1.0, 0.021924372608846204, 7693.894730914547
0.09349994198140749, 4128.35842254882, 31232.409905384324, 7.112956636361117e-06, 0, 0, 0, 0, 1.0, 0.021924372608846204, 7675.5725699270415
0.09349994198140749, 4128.35842254882, 31232.409905384324, 7.112956636361117e-06, 0, 0, 0, 0, 1.0, 0.027358959102102308, 7560.618330405116
0.09349994198140749, 5267.045025545318, 31232.409905384324, 7.112956636361117e-06, 0, 0, 0, 0, 1.0, 0.027358959102102308, 7420.37102784128
0.07152250922734248, 5267.045025545318, 31232.409905384324, 7.112956636361117e-06, 0, 0, 0, 0, 1.0, 0.027358959102102308, 6981.7306928829685
0.07152250922734248, 7072.492405972629, 31232.409905384324, 7.112956636361117e-06, 0, 0, 0, 0, 1.0, 0.027358959102102308, 5706.644094315626
0.07152250922734248, 7072.492405972629, 31232.409905384324, 9.836852646014232e-06, 0, 0, 0, 0, 1.0, 0.027358959102102308, 5506.105623270702
0.07152250922734248, 7072.492405972629, 31232.409905384324, 1.4052149805139016e-05, 0, 0, 0, 0, 1.0, 0.027358959102102308, 5498.3803546239615
0.07152250922734248, 7072.492405972629, 31232.409905384324, 1.1549286054240732e-05, 0, 0, 0, 0, 1.0, 0.027358959102102308, 5480.136107425556
0.06776666970489437, 7072.492405972629, 31232.409905384324, 1.1549286054240732e-05, 0, 0, 0, 0, 1.0, 0.027358959102102308, 5341.828789614689
0.06776666970489437, 7072.492405972629, 29433.115652192395, 1.1549286054240732e-05, 0, 0, 0, 0, 1.0, 0.027358959102102308, 5085.636569499337
0.06776666970489437, 7072.492405972629, 27573.382922365574, 1.1549286054240732e-05, 0, 0, 0, 0, 1.0, 0.027358959102102308, 5031.403696098461
0.06307181664477227, 7072.492405972629, 27573.382922365574, 1.1549286054240732e-05, 0, 0, 0, 0, 1.0, 0.027358959102102308, 4914.425697376196
0.06307181664477227, 7072.492405972629, 25479.515671210876, 1.1549286054240732e-05, 0, 0, 0, 0, 1.0, 0.027358959102102308, 4639.827973383933
0.06307181664477227, 7714.384156660726, 25479.515671210876, 1.1549286054240732e-05, 0, 0, 0, 0, 1.0, 0.027358959102102308, 4567.098085518353
0.06307181664477227, 7714.384156660726, 25479.515671210876, 1.270740253459022e-05, 0, 0, 0, 0, 1.0, 0.027358959102102308, 4557.655286071636
0.05984245928709677, 7714.384156660726, 25479.515671210876, 1.270740253459022e-05, 0, 0, 0, 0, 1.0, 0.027358959102102308, 4458.3425934113
0.05984245928709677, 7714.384156660726, 24048.20528972883, 1.270740253459022e-05, 0, 0, 0, 0, 1.0, 0.027358959102102308, 4303.851951401005
0.05984245928709677, 8220.923547230974, 24048.20528972883, 1.270740253459022e-05, 0, 0, 0, 0, 1.0, 0.027358959102102308, 4250.2490941296965
0.05984245928709677, 8220.923547230974, 24048.20528972883, 1.3628186546149566e-05, 0, 0, 0, 0, 1.0, 0.027358959102102308, 4237.263024237666
0.05984245928709677, 8220.923547230974, 24048.20528972883, 1.4718294218364677e-05, 0, 0, 0, 0, 1.0, 0.027358959102102308, 4231.707171854828
0.05736259067421444, 8220.923547230974, 24048.20528972883, 1.4718294218364677e-05, 0, 0, 0, 0, 1.0, 0.027358959102102308, 4165.750938754118
0.05736259067421444, 8220.923547230974, 22954.293337480714, 1.4718294218364677e-05, 0, 0, 0, 0, 1.0, 0.027358959102102308, 4067.463435923437
0.05736259067421444, 8652.89088307476, 22954.293337480714, 1.4718294218364677e-05, 0, 0, 0, 0, 1.0, 0.027358959102102308, 4016.1496372107113
0.05736259067421444, 8652.89088307476, 22954.293337480714, 1.5571202753080578e-05, 0, 0, 0, 0, 1.0, 0.027358959102102308, 4006.5332151998364
0.05736259067421444, 8652.89088307476, 22954.293337480714, 1.6566596978454308e-05, 0, 0, 0, 0, 1.0, 0.027358959102102308, 4001.0340350371102
0.05544056226171982, 8652.89088307476, 22954.293337480714, 1.6566596978454308e-05, 0, 0, 0, 0, 1.0, 0.027358959102102308, 3991.8520213746483
0.05544056226171982, 8983.435858413943, 22954.293337480714, 1.6566596978454308e-05, 0, 0, 0, 0, 1.0, 0.027358959102102308, 3920.9263085523535
0.05544056226171982, 8983.435858413943, 22026.959772815368, 1.6566596978454308e-05, 0, 0, 0, 0, 1.0, 0.027358959102102308, 3866.732416365333
0.05544056226171982, 8983.435858413943, 21050.104355182237, 1.6566596978454308e-05, 0, 0, 0, 0, 1.0, 0.027358959102102308, 3841.8534853997435
0.05544056226171982, 8983.435858413943, 20025.52530175953, 1.6566596978454308e-05, 0, 0, 0, 0, 1.0, 0.027358959102102308, 3830.075720629196
0.053939751495762044, 8983.435858413943, 20025.52530175953, 1.6566596978454308e-05, 0, 0, 0, 0, 1.0, 0.027358959102102308, 3767.7056054318787
0.053939751495762044, 9258.764218393197, 20025.52530175953, 1.6566596978454308e-05, 0, 0, 0, 0, 1.0, 0.027358959102102308, 3731.939031960712
0.053939751495762044, 9258.764218393197, 19371.45796596295, 1.6566596978454308e-05, 0, 0, 0, 0, 1.0, 0.027358959102102308, 3700.754223084809
0.053939751495762044, 9258.764218393197, 18676.631028117426, 1.6566596978454308e-05, 0, 0, 0, 0, 1.0, 0.027358959102102308, 3682.162415418454
0.052866902800873736, 9258.764218393197, 18676.631028117426, 1.6566596978454308e-05, 0, 0, 0, 0, 1.0, 0.027358959102102308, 3650.8132900248415
0.052866902800873736, 9465.653554658387, 18676.631028117426, 1.6566596978454308e-05, 0, 0, 0, 0, 1.0, 0.027358959102102308, 3624.907410433191
0.052866902800873736, 9465.653554658387, 18228.0915202596, 1.6566596978454308e-05, 0, 0, 0, 0, 1.0, 0.027358959102102308, 3600.84180055036
0.052866902800873736, 9465.653554658387, 17747.129893955487, 1.6566596978454308e-05, 0, 0, 0, 0, 1.0, 0.027358959102102308, 3586.8708465302207
0.0520950762735212, 9465.653554658387, 17747.129893955487, 1.6566596978454308e-05, 0, 0, 0, 0, 1.0, 0.027358959102102308, 3571.7898201368857
0.0520950762735212, 9620.031940078505, 17747.129893955487, 1.6566596978454308e-05, 0, 0, 0, 0, 1.0, 0.027358959102102308, 3552.515883422625
0.0520950762735212, 9792.75780595981, 17747.129893955487, 1.6566596978454308e-05, 0, 0, 0, 0, 1.0, 0.027358959102102308, 3538.3517791708746
0.0520950762735212, 9792.75780595981, 17403.1065155998, 1.6566596978454308e-05, 0, 0, 0, 0, 1.0, 0.027358959102102308, 3525.8365359578975
0.0520950762735212, 9792.75780595981, 17032.378266159765, 1.6566596978454308e-05, 0, 0, 0, 0, 1.0, 0.027358959102102308, 3521.34721493676
0.0520950762735212, 9792.75780595981, 17032.378266159765, 1.6566596978454308e-05, 0, 0, 0, 0, 1.0, 0.02801471465723674, 3516.531828238699
0.05142082379090901, 9792.75780595981, 17032.378266159765, 1.6566596978454308e-05, 0, 0, 0, 0, 1.0, 0.02801471465723674, 3504.0374133017376
0.05142082379090901, 9934.097696408611, 17032.378266159765, 1.6566596978454308e-05, 0, 0, 0, 0, 1.0, 0.02801471465723674, 3489.186174843483
0.05142082379090901, 10091.928874984396, 17032.378266159765, 1.6566596978454308e-05, 0, 0, 0, 0, 1.0, 0.02801471465723674, 3478.2101316218364
0.05142082379090901, 10091.928874984396, 16739.595672490716, 1.6566596978454308e-05, 0, 0, 0, 0, 1.0, 0.02801471465723674, 3468.111459550139
0.05142082379090901, 10091.928874984396, 16423.344433881786, 1.6566596978454308e-05, 0, 0, 0, 0, 1.0, 0.02801471465723674, 3464.370104393512
0.05142082379090901, 10091.928874984396, 16423.344433881786, 1.6566596978454308e-05, 0, 0, 0, 0, 1.0, 0.028608685426814006, 3460.1767659017783
0.05083087615287898, 10091.928874984396, 16423.344433881786, 1.6566596978454308e-05, 0, 0, 0, 0, 1.0, 0.028608685426814006, 3451.068625367422
0.05083087615287898, 10220.843982484068, 16423.344433881786, 1.6566596978454308e-05, 0, 0, 0, 0, 1.0, 0.028608685426814006, 3439.2299632450427
0.05083087615287898, 10364.553429853668, 16423.344433881786, 1.6566596978454308e-05, 0, 0, 0, 0, 1.0, 0.028608685426814006, 3430.300727754275
0.05083087615287898, 10364.553429853668, 16173.02961563695, 1.6566596978454308e-05, 0, 0, 0, 0, 1.0, 0.028608685426814006, 3421.7847888847127
0.050616636795534804, 10364.553429853668, 16173.02961563695, 1.6566596978454308e-05, 0, 0, 0, 0, 1.0, 0.028608685426814006, 3417.283947797911
