W, K, Conc_treshold, Slope, empty_1, empty_2, empty_3, empty_4, P_comp, D_comp, Deviation
0.4619326688760197, 5407.6369081845005, 749.7475348801611, 3.620896567462701e-05, 0, 0, 0, 0, 1.0, 1.92292264552022, 19596.485110335252
0.06251578857858055, 5407.6369081845005, 749.7475348801611, 3.620896567462701e-05, 0, 0, 0, 0, 1.0, 1.92292264552022, 14765.796548376793
0.06251578857858055, 5407.6369081845005, 749.7475348801611, 0.0002675500786540733, 0, 0, 0, 0, 1.0, 1.92292264552022, 6000.364160757365
0.06251578857858055, 5407.6369081845005, 749.7475348801611, 0.0019769425404482554, 0, 0, 0, 0, 1.0, 1.92292264552022, 5016.111922969383
0.06251578857858055, 5407.6369081845005, 749.7475348801611, 0.003259427217388987, 0, 0, 0, 0, 1.0, 1.92292264552022, 5011.06409582072
0.06251578857858055, 7119.319868171199, 749.7475348801611, 0.003259427217388987, 0, 0, 0, 0, 1.0, 1.92292264552022, 4741.511095466095
0.06251578857858055, 7119.319868171199, 749.7475348801611, 0.002408614003423997, 0, 0, 0, 0, 1.0, 1.92292264552022, 4432.21067492286
0.06251578857858055, 7119.319868171199, 749.7475348801611, 0.0017268543865172799, 0, 0, 0, 0, 1.0, 1.92292264552022, 4187.571055002623
0.06251578857858055, 7119.319868171199, 749.7475348801611, 0.0011975484152464697, 0, 0, 0, 0, 1.0, 1.92292264552022, 4085.3307925828713
0.06251578857858055, 7119.319868171199, 749.7475348801611, 0.0010828750687906492, 0, 0, 0, 0, 1.0, 1.92292264552022, 4080.1071294783233
0.05914889215588823, 7119.319868171199, 749.7475348801611, 0.0010828750687906492, 0, 0, 0, 0, 1.0, 1.92292264552022, 4055.443142566552
0.05914889215588823, 7119.319868171199, 749.7475348801611, 0.0010828750687906492, 0, 0, 0, 0, 1.0, 1.809315922527252, 3772.8700936572977
0.05914889215588823, 7612.558723084913, 749.7475348801611, 0.0010828750687906492, 0, 0, 0, 0, 1.0, 1.809315922527252, 3624.435186728761
0.05914889215588823, 7612.558723084913, 749.7475348801611, 0.0011656810052530129, 0, 0, 0, 0, 1.0, 1.809315922527252, 3619.66357363401
0.05914889215588823, 7927.411573583686, 749.7475348801611, 0.0011656810052530129, 0, 0, 0, 0, 1.0, 1.809315922527252, 3611.1837090357885
0.05656994925442723, 7927.411573583686, 749.7475348801611, 0.0011656810052530129, 0, 0, 0, 0, 1.0, 1.809315922527252, 3505.841668272914
0.05656994925442723, 7927.411573583686, 749.7475348801611, 0.0011656810052530129, 0, 0, 0, 0, 1.0, 1.7227311116013677, 3349.653487446916
0.05656994925442723, 8366.77336941099, 749.7475348801611, 0.0011656810052530129, 0, 0, 0, 0, 1.0, 1.7227311116013677, 3264.982231557172
0.05656994925442723, 8618.717282369858, 749.7475348801611, 0.0011656810052530129, 0, 0, 0, 0, 1.0, 1.7227311116013677, 3261.623638976462
0.05475360224660285, 8618.717282369858, 749.7475348801611, 0.0011656810052530129, 0, 0, 0, 0, 1.0, 1.7227311116013677, 3220.7562735328893
0.05475360224660285, 8618.717282369858, 749.7475348801611, 0.0011656810052530129, 0, 0, 0, 0, 1.0, 1.6619849825825352, 3098.2116172123137
0.05475360224660285, 8965.862550671436, 749.7475348801611, 0.0011656810052530129, 0, 0, 0, 0, 1.0, 1.6619849825825352, 3043.657636775896
0.05475360224660285, 9162.716927940459, 749.7475348801611, 0.0011656810052530129, 0, 0, 0, 0, 1.0, 1.6619849825825352, 3036.0063017631705
0.05410345386967115, 9162.716927940459, 749.7475348801611, 0.0011656810052530129, 0, 0, 0, 0, 1.0, 1.6619849825825352, 3000.5350643021093
0.05410345386967115, 9162.716927940459, 739.9605554730648, 0.0011656810052530129, 0, 0, 0, 0, 1.0, 1.6619849825825352, 2977.4813023205534
0.05410345386967115, 9296.11299936016, 739.9605554730648, 0.0011656810052530129, 0, 0, 0, 0, 1.0, 1.6619849825825352, 2966.901958087558
0.05410345386967115, 9445.09283790113, 739.9605554730648, 0.0011656810052530129, 0, 0, 0, 0, 1.0, 1.6619849825825352, 2963.4167901941087
0.05316547152757532, 9445.09283790113, 739.9605554730648, 0.0011656810052530129, 0, 0, 0, 0, 1.0, 1.6619849825825352, 2955.978808822805
0.05316547152757532, 9445.09283790113, 739.9605554730648, 0.0011656810052530129, 0, 0, 0, 0, 1.0, 1.6303176962622963, 2896.594291601898
0.05316547152757532, 9647.09530395212, 739.9605554730648, 0.0011656810052530129, 0, 0, 0, 0, 1.0, 1.6303176962622963, 2874.3650359640865
0.05316547152757532, 9874.291425355272, 739.9605554730648, 0.0011656810052530129, 0, 0, 0, 0, 1.0, 1.6303176962622963, 2866.4841974486544
0.052489147056614026, 9874.291425355272, 739.9605554730648, 0.0011656810052530129, 0, 0, 0, 0, 1.0, 1.6303176962622963, 2857.865729298441
0.052489147056614026, 9874.291425355272, 729.6127250862663, 0.0011656810052530129, 0, 0, 0, 0, 1.0, 1.6303176962622963, 2823.355365297183
0.052489147056614026, 10028.448013439116, 729.6127250862663, 0.0011656810052530129, 0, 0, 0, 0, 1.0, 1.6303176962622963, 2810.408186593284
0.052489147056614026, 10200.801416529272, 729.6127250862663, 0.0011656810052530129, 0, 0, 0, 0, 1.0, 1.6303176962622963, 2804.757591175606
0.05199950440950468, 10200.801416529272, 729.6127250862663, 0.0011656810052530129, 0, 0, 0, 0, 1.0, 1.6303176962622963, 2800.4597835902796
0.05199950440950468, 10200.801416529272, 722.1294514716748, 0.0011656810052530129, 0, 0, 0, 0, 1.0, 1.6303176962622963, 2777.75443505878
0.05199950440950468, 10317.141083515762, 722.1294514716748, 0.0011656810052530129, 0, 0, 0, 0, 1.0, 1.6303176962622963, 2769.5745401309564
0.05199950440950468, 10446.647808343032, 722.1294514716748, 0.0011656810052530129, 0, 0, 0, 0, 1.0, 1.6303176962622963, 2765.064440143668
0.051821427120041175, 10446.647808343032, 722.1294514716748, 0.0011656810052530129, 0, 0, 0, 0, 1.0, 1.6303176962622963, 2759.4745087868373
0.051821427120041175, 10446.647808343032, 719.4096160351797, 0.0011656810052530129, 0, 0, 0, 0, 1.0, 1.6303176962622963, 2754.842073819381
