W, K, empty_0, Slope, empty_1, empty_2, empty_3, empty_4, P_comp, D_comp, Deviation
0.24279876144826804, 4649.855228291, 0, 0.00012415497398228089, 0, 0, 0, 0, 1.0, 0.0111572288570846, 17065.928657025972
1.794053669092133, 4649.855228291, 0, 0.00012415497398228089, 0, 0, 0, 0, 1.0, 0.0111572288570846, 16689.58203245024
1.794053669092133, 4649.855228291, 0, 0.00012415497398228089, 0, 0, 0, 0, 1.0, 0.08244138993360602, 15431.557883556561
13.256363205414136, 4649.855228291, 0, 0.00012415497398228089, 0, 0, 0, 0, 1.0, 0.08244138993360602, 15258.95072449196
13.256363205414136, 4649.855228291, 0, 0.00033748820968883963, 0, 0, 0, 0, 1.0, 0.08244138993360602, 14774.069045052796
39.82431594279878, 4649.855228291, 0, 0.00033748820968883963, 0, 0, 0, 0, 1.0, 0.08244138993360602, 14710.126809544468
39.82431594279878, 4649.855228291, 0, 0.00033748820968883963, 0, 0, 0, 0, 1.0, 0.024583798190619812, 14568.455814725881
39.82431594279878, 4649.855228291, 0, 0.00033748820968883963, 0, 0, 0, 0, 1.0, 0.047826870017764166, 14409.346973355252
39.82431594279878, 4243.251486640877, 0, 0.00033748820968883963, 0, 0, 0, 0, 1.0, 0.047826870017764166, 14375.694375746478
