W, K, empty_0, Slope, empty_1, empty_2, empty_3, empty_4, P_comp, D_comp, Deviation
0.6772490635451143, 5038.130519334348, 0, 4.468738360686539e-06, 0, 0, 0, 0, 1.0, 0.05694026346634271, 16420.165803534677
0.09165569383660875, 5038.130519334348, 0, 4.468738360686539e-06, 0, 0, 0, 0, 1.0, 0.05694026346634271, 15129.032735788289
0.09165569383660875, 5038.130519334348, 0, 4.468738360686539e-06, 0, 0, 0, 0, 1.0, 0.4207348010406977, 13840.14042084561
0.09165569383660875, 37227.02904109611, 0, 4.468738360686539e-06, 0, 0, 0, 0, 1.0, 0.4207348010406977, 12596.43276109682
0.09165569383660875, 37227.02904109611, 0, 7.367703988457518e-06, 0, 0, 0, 0, 1.0, 0.4207348010406977, 12118.529524664045
0.09165569383660875, 64523.860431716996, 0, 7.367703988457518e-06, 0, 0, 0, 0, 1.0, 0.4207348010406977, 12017.232999618622
0.09165569383660875, 118159.4619414191, 0, 7.367703988457518e-06, 0, 0, 0, 0, 1.0, 0.4207348010406977, 11960.41670424594
0.09165569383660875, 229874.86245300664, 0, 7.367703988457518e-06, 0, 0, 0, 0, 1.0, 0.4207348010406977, 11930.028761887865
0.09165569383660875, 477987.7404501428, 0, 7.367703988457518e-06, 0, 0, 0, 0, 1.0, 0.4207348010406977, 11914.399975255883
