W, K, empty_0, Slope, empty_1, empty_2, empty_3, empty_4, P_comp, D_comp, Deviation
0.00994117595856635, 6725.261737699047, 0, 0.0016698626252190957, 0, 0, 0, 0, 1.0, 2.303444429629775, 16977.08045771835
0.00994117595856635, 6725.261737699047, 0, 0.00022599133135025996, 0, 0, 0, 0, 1.0, 2.303444429629775, 16641.506502586737
0.07345590684718745, 6725.261737699047, 0, 0.00022599133135025996, 0, 0, 0, 0, 1.0, 2.303444429629775, 15770.871825677255
0.07345590684718745, 6725.261737699047, 0, 3.058460083730662e-05, 0, 0, 0, 0, 1.0, 2.303444429629775, 13915.39369868206
0.07345590684718745, 49693.33625985009, 0, 3.058460083730662e-05, 0, 0, 0, 0, 1.0, 2.303444429629775, 12694.513491637152
0.07345590684718745, 367186.8493670569, 0, 3.058460083730662e-05, 0, 0, 0, 0, 1.0, 2.303444429629775, 12476.21180677197
0.07345590684718745, 2713164.2287627817, 0, 3.058460083730662e-05, 0, 0, 0, 0, 1.0, 2.303444429629775, 12445.998308599974
0.09431925139763578, 2713164.2287627817, 0, 3.058460083730662e-05, 0, 0, 0, 0, 1.0, 2.303444429629775, 12117.388483241508
0.09431925139763578, 2713164.2287627817, 0, 4.026556518089611e-05, 0, 0, 0, 0, 1.0, 2.303444429629775, 11863.074763761211
