W, K, empty_0, Slope, empty_1, empty_2, empty_3, empty_4, P_comp, D_comp, Deviation
0.0963315488443909, 4231.9996628573335, 0, 1.237272674874342e-05, 0, 0, 0, 0, 1.0, 1.4290033500040327, 14237.887999054834
0.0963315488443909, 31270.482919508435, 0, 1.237272674874342e-05, 0, 0, 0, 0, 1.0, 1.4290033500040327, 13250.870744005118
0.0963315488443909, 31270.482919508435, 0, 1.237272674874342e-05, 0, 0, 0, 0, 1.0, 0.5257009538316025, 12448.440274413231
0.0963315488443909, 93941.72233918452, 0, 1.237272674874342e-05, 0, 0, 0, 0, 1.0, 0.5257009538316025, 12259.107869123642
0.0963315488443909, 315032.1240984771, 0, 1.237272674874342e-05, 0, 0, 0, 0, 1.0, 0.5257009538316025, 12194.958050938176
0.0963315488443909, 1192341.8755976288, 0, 1.237272674874342e-05, 0, 0, 0, 0, 1.0, 0.5257009538316025, 12175.308678673266
0.0963315488443909, 1192341.8755976288, 0, 1.237272674874342e-05, 0, 0, 0, 0, 1.0, 0.7580561976140089, 11938.160590685084
0.08710715262406347, 1192341.8755976288, 0, 1.237272674874342e-05, 0, 0, 0, 0, 1.0, 0.7580561976140089, 11902.272386574283
0.09206550010735912, 1192341.8755976288, 0, 1.237272674874342e-05, 0, 0, 0, 0, 1.0, 0.7580561976140089, 11870.67010584018
