W, K, Kin_const, Max_effect, empty_1, empty_2, empty_3, empty_4, P_comp, D_comp, Deviation
0.04304349641393088, 1466.6131388043311, 304.48088168367866, 0.006365280721513179, 0, 0, 0, 0, 1.0, 1.8337530430157125, 15882.846202025252
0.04304349641393088, 1466.6131388043311, 304.48088168367866, 0.047033416336702646, 0, 0, 0, 0, 1.0, 1.8337530430157125, 13601.846748903925
0.04304349641393088, 10836.886758053968, 304.48088168367866, 0.047033416336702646, 0, 0, 0, 0, 1.0, 1.8337530430157125, 8700.303039590633
0.04304349641393088, 10836.886758053968, 304.48088168367866, 0.3475325518362572, 0, 0, 0, 0, 1.0, 1.8337530430157125, 5075.269742357258
0.04304349641393088, 10836.886758053968, 2249.8263158125674, 0.3475325518362572, 0, 0, 0, 0, 1.0, 1.8337530430157125, 4796.962782730678
0.04304349641393088, 17867.00570617213, 2249.8263158125674, 0.3475325518362572, 0, 0, 0, 0, 1.0, 1.8337530430157125, 4771.181809764549
0.04304349641393088, 13571.279459909792, 2249.8263158125674, 0.3475325518362572, 0, 0, 0, 0, 1.0, 1.8337530430157125, 4473.137959399451
0.04304349641393088, 13571.279459909792, 2249.8263158125674, 0.40428025379095667, 0, 0, 0, 0, 1.0, 1.8337530430157125, 4466.374830049016
0.04304349641393088, 13571.279459909792, 2657.0806504387756, 0.40428025379095667, 0, 0, 0, 0, 1.0, 1.8337530430157125, 4443.997865449621
