W, K, Kin_const, Max_effect, empty_1, empty_2, empty_3, empty_4, P_comp, D_comp, Deviation
0.0029695860811816788, 2609.7590135128667, 6.87345132230332, 0.7686012097633914, 0, 0, 0, 0, 1.0, 0.19573041438996358, 16028.512062483616
0.021942438144455054, 2609.7590135128667, 6.87345132230332, 0.7686012097633914, 0, 0, 0, 0, 1.0, 0.19573041438996358, 14066.098029905366
0.021942438144455054, 19283.655755536485, 6.87345132230332, 0.7686012097633914, 0, 0, 0, 0, 1.0, 0.19573041438996358, 13222.43542985372
0.021942438144455054, 142488.014170126, 6.87345132230332, 0.7686012097633914, 0, 0, 0, 0, 1.0, 0.19573041438996358, 13067.087680285149
0.021942438144455054, 1052851.9301282864, 6.87345132230332, 0.7686012097633914, 0, 0, 0, 0, 1.0, 0.19573041438996358, 13045.016783788235
0.0361769644997849, 1052851.9301282864, 6.87345132230332, 0.7686012097633914, 0, 0, 0, 0, 1.0, 0.19573041438996358, 4790.259010521569
0.0361769644997849, 1052851.9301282864, 6.87345132230332, 1.3321803663589291, 0, 0, 0, 0, 1.0, 0.19573041438996358, 4780.843990042388
0.03686744183617189, 1052851.9301282864, 6.87345132230332, 1.3321803663589291, 0, 0, 0, 0, 1.0, 0.19573041438996358, 4764.61931927255
0.036486064347884914, 1052851.9301282864, 6.87345132230332, 1.3321803663589291, 0, 0, 0, 0, 1.0, 0.19573041438996358, 4740.110664954554
