W, K, Kin_const, Max_effect, empty_1, empty_2, empty_3, empty_4, P_comp, D_comp, Deviation
0.6172488920738883, 1488.2538340047172, 76.04219468649325, 0.3363435650372958, 0, 0, 0, 0, 1.0, 1.3901117955227678, 14538.08062967833
0.08353555363630506, 1488.2538340047172, 76.04219468649325, 0.3363435650372958, 0, 0, 0, 0, 1.0, 1.3901117955227678, 12821.471465173507
0.08353555363630506, 1488.2538340047172, 76.04219468649325, 0.04551915163913449, 0, 0, 0, 0, 1.0, 1.3901117955227678, 12627.582930005918
0.08353555363630506, 4045.4933531095267, 76.04219468649325, 0.04551915163913449, 0, 0, 0, 0, 1.0, 1.3901117955227678, 9256.976347431932
0.08353555363630506, 4045.4933531095267, 228.44337766348303, 0.04551915163913449, 0, 0, 0, 0, 1.0, 1.3901117955227678, 9091.863367218823
0.08353555363630506, 4045.4933531095267, 418.3374399515803, 0.04551915163913449, 0, 0, 0, 0, 1.0, 1.3901117955227678, 9022.718171750868
0.0707319466745941, 4045.4933531095267, 418.3374399515803, 0.04551915163913449, 0, 0, 0, 0, 1.0, 1.3901117955227678, 8743.24687203229
0.0707319466745941, 4857.947430172503, 418.3374399515803, 0.04551915163913449, 0, 0, 0, 0, 1.0, 1.3901117955227678, 8128.903183718138
0.0707319466745941, 5941.310662166685, 418.3374399515803, 0.04551915163913449, 0, 0, 0, 0, 1.0, 1.3901117955227678, 7858.202361499196
0.0707319466745941, 5941.310662166685, 418.3374399515803, 0.05680238291311416, 0, 0, 0, 0, 1.0, 1.3901117955227678, 7737.270526064154
0.055440351540777276, 5941.310662166685, 418.3374399515803, 0.05680238291311416, 0, 0, 0, 0, 1.0, 1.3901117955227678, 7011.417459878253
0.055440351540777276, 7766.956280020095, 418.3374399515803, 0.05680238291311416, 0, 0, 0, 0, 1.0, 1.3901117955227678, 6366.212224739442
0.055440351540777276, 7766.956280020095, 418.3374399515803, 0.07627320819277715, 0, 0, 0, 0, 1.0, 1.3901117955227678, 5950.528188981051
0.055440351540777276, 7766.956280020095, 578.5391312633895, 0.07627320819277715, 0, 0, 0, 0, 1.0, 1.3901117955227678, 5905.2657116335
0.055440351540777276, 7766.956280020095, 578.5391312633895, 0.09116230899099761, 0, 0, 0, 0, 1.0, 1.3901117955227678, 5893.042106433755
0.055440351540777276, 7766.956280020095, 703.9152465760443, 0.09116230899099761, 0, 0, 0, 0, 1.0, 1.3901117955227678, 5819.591832779849
0.055440351540777276, 7766.956280020095, 873.4273119704427, 0.09116230899099761, 0, 0, 0, 0, 1.0, 1.3901117955227678, 5770.204792139254
0.052246441553541106, 7766.956280020095, 873.4273119704427, 0.09116230899099761, 0, 0, 0, 0, 1.0, 1.3901117955227678, 5601.846848051623
0.052246441553541106, 7766.956280020095, 873.4273119704427, 0.09731090273571462, 0, 0, 0, 0, 1.0, 1.3901117955227678, 5505.315845631014
0.052246441553541106, 7766.956280020095, 873.4273119704427, 0.10455439775132681, 0, 0, 0, 0, 1.0, 1.3901117955227678, 5436.95663511179
0.052246441553541106, 8405.232753001088, 873.4273119704427, 0.10455439775132681, 0, 0, 0, 0, 1.0, 1.3901117955227678, 5399.092270887767
0.052246441553541106, 8405.232753001088, 952.6986288128685, 0.10455439775132681, 0, 0, 0, 0, 1.0, 1.3901117955227678, 5392.297694430775
0.052246441553541106, 8405.232753001088, 952.6986288128685, 0.11503869700239315, 0, 0, 0, 0, 1.0, 1.3901117955227678, 5369.214228119505
0.052246441553541106, 8405.232753001088, 1058.2964865089882, 0.11503869700239315, 0, 0, 0, 0, 1.0, 1.3901117955227678, 5345.221362162278
0.052246441553541106, 8405.232753001088, 1188.0216355920882, 0.11503869700239315, 0, 0, 0, 0, 1.0, 1.3901117955227678, 5335.753128858448
0.052246441553541106, 8405.232753001088, 1188.0216355920882, 0.1306419484695, 0, 0, 0, 0, 1.0, 1.3901117955227678, 5319.526464619009
0.052246441553541106, 8405.232753001088, 1366.428508879213, 0.1306419484695, 0, 0, 0, 0, 1.0, 1.3901117955227678, 5280.185545858653
0.04837681876040593, 8405.232753001088, 1366.428508879213, 0.1306419484695, 0, 0, 0, 0, 1.0, 1.3901117955227678, 5269.1076397922025
0.04837681876040593, 9147.682777619237, 1366.428508879213, 0.1306419484695, 0, 0, 0, 0, 1.0, 1.3901117955227678, 5097.177639989524
0.04837681876040593, 9147.682777619237, 1366.428508879213, 0.14339041967808613, 0, 0, 0, 0, 1.0, 1.3901117955227678, 4980.230553143345
0.04837681876040593, 9147.682777619237, 1366.428508879213, 0.15885517644315597, 0, 0, 0, 0, 1.0, 1.3901117955227678, 4914.69808620143
0.04837681876040593, 9147.682777619237, 1366.428508879213, 0.1777995798016112, 0, 0, 0, 0, 1.0, 1.3901117955227678, 4905.918157364442
0.04837681876040593, 9147.682777619237, 1546.7111252066748, 0.1777995798016112, 0, 0, 0, 0, 1.0, 1.3901117955227678, 4875.867239069895
0.04837681876040593, 9147.682777619237, 1772.6121987315412, 0.1777995798016112, 0, 0, 0, 0, 1.0, 1.3901117955227678, 4868.331821018727
0.04837681876040593, 9147.682777619237, 1772.6121987315412, 0.2065645099576597, 0, 0, 0, 0, 1.0, 1.3901117955227678, 4851.2124087152315
0.04837681876040593, 9147.682777619237, 2090.504988225113, 0.2065645099576597, 0, 0, 0, 0, 1.0, 1.3901117955227678, 4815.948266193169
0.04837681876040593, 9572.19200233986, 2090.504988225113, 0.2065645099576597, 0, 0, 0, 0, 1.0, 1.3901117955227678, 4806.602602382675
0.04837681876040593, 9572.19200233986, 2197.4628627245615, 0.2065645099576597, 0, 0, 0, 0, 1.0, 1.3901117955227678, 4800.330208356865
0.0470672279579956, 9572.19200233986, 2197.4628627245615, 0.2065645099576597, 0, 0, 0, 0, 1.0, 1.3901117955227678, 4778.681721958853
0.0470672279579956, 9865.564823935993, 2197.4628627245615, 0.2065645099576597, 0, 0, 0, 0, 1.0, 1.3901117955227678, 4747.140639579894
0.0470672279579956, 10198.670556703151, 2197.4628627245615, 0.2065645099576597, 0, 0, 0, 0, 1.0, 1.3901117955227678, 4729.835009326514
0.0470672279579956, 10198.670556703151, 2197.4628627245615, 0.21424933200642024, 0, 0, 0, 0, 1.0, 1.3901117955227678, 4711.993215387642
0.0470672279579956, 10198.670556703151, 2197.4628627245615, 0.22303325518005226, 0, 0, 0, 0, 1.0, 1.3901117955227678, 4700.340432912572
0.04603848678382915, 10198.670556703151, 2197.4628627245615, 0.22303325518005226, 0, 0, 0, 0, 1.0, 1.3901117955227678, 4694.465398531389
0.04603848678382915, 10449.629724163082, 2197.4628627245615, 0.22303325518005226, 0, 0, 0, 0, 1.0, 1.3901117955227678, 4671.733529542042
0.04603848678382915, 10732.82317214258, 2197.4628627245615, 0.22303325518005226, 0, 0, 0, 0, 1.0, 1.3901117955227678, 4657.103490520431
0.04603848678382915, 10732.82317214258, 2197.4628627245615, 0.22969101276936765, 0, 0, 0, 0, 1.0, 1.3901117955227678, 4644.129535095527
0.04603848678382915, 10732.82317214258, 2197.4628627245615, 0.23724431825962153, 0, 0, 0, 0, 1.0, 1.3901117955227678, 4634.550437453144
0.04603848678382915, 10732.82317214258, 2197.4628627245615, 0.2458401542749151, 0, 0, 0, 0, 1.0, 1.3901117955227678, 4629.291851206368
0.04559008120183241, 10732.82317214258, 2197.4628627245615, 0.2458401542749151, 0, 0, 0, 0, 1.0, 1.3901117955227678, 4617.832971725912
0.04559008120183241, 10849.000183932667, 2197.4628627245615, 0.2458401542749151, 0, 0, 0, 0, 1.0, 1.3901117955227678, 4612.587826739527
