W, K, Conc_level, Scale, empty_1, empty_2, empty_3, Flag_consumption_model, Init_conc_comp, D_comp, Deviation
0.7792995050603184, 10123.155936883853, 0.0048067684282294965, 0.028471757092998005, 0, 0, 0, 1, 1.0, 0.0009063680918876457, 41569.82066620288
0.7792995050603184, 1370.0201759665738, 0.0048067684282294965, 0.028471757092998005, 0, 0, 0, 1, 1.0, 0.0009063680918876457, 13495.061975280261
0.10546671924349028, 1370.0201759665738, 0.0048067684282294965, 0.028471757092998005, 0, 0, 0, 1, 1.0, 0.0009063680918876457, 13049.018424115691
0.10546671924349028, 3724.1009489522007, 0.0048067684282294965, 0.028471757092998005, 0, 0, 0, 1, 1.0, 0.0009063680918876457, 10111.174896194381
0.10546671924349028, 3724.1009489522007, 0.0048067684282294965, 0.028471757092998005, 0, 0, 0, 1, 1.0, 0.00030170372897600115, 9921.494578266818
0.10546671924349028, 3724.1009489522007, 0.0048067684282294965, 0.052138968067411785, 0, 0, 0, 1, 1.0, 0.00030170372897600115, 9287.3015160353
0.10546671924349028, 3724.1009489522007, 0.0048067684282294965, 0.052138968067411785, 0, 0, 0, 1, 1.0, 0.00015508068129377038, 8778.211292816117
0.10546671924349028, 5370.121138866608, 0.0048067684282294965, 0.052138968067411785, 0, 0, 0, 1, 1.0, 0.00015508068129377038, 8716.617029000345
0.07051094498208153, 5370.121138866608, 0.0048067684282294965, 0.052138968067411785, 0, 0, 0, 1, 1.0, 0.00015508068129377038, 7373.261642034255
0.07051094498208153, 5370.121138866608, 0.0048067684282294965, 0.08119087522176854, 0, 0, 0, 1, 1.0, 0.00015508068129377038, 6189.5476338172575
0.07051094498208153, 6851.311571338896, 0.0048067684282294965, 0.08119087522176854, 0, 0, 0, 1, 1.0, 0.00015508068129377038, 6022.521949420681
0.07051094498208153, 6851.311571338896, 0.003676923557130184, 0.08119087522176854, 0, 0, 0, 1, 1.0, 0.00015508068129377038, 5918.174475225289
0.07051094498208153, 6851.311571338896, 0.002738288119551482, 0.08119087522176854, 0, 0, 0, 1, 1.0, 0.00015508068129377038, 5853.322202050457
0.07051094498208153, 6851.311571338896, 0.0019800362324350245, 0.08119087522176854, 0, 0, 0, 1, 1.0, 0.00015508068129377038, 5840.262055541269
0.07051094498208153, 6851.311571338896, 0.0019800362324350245, 0.09703994141047945, 0, 0, 0, 1, 1.0, 0.00015508068129377038, 5769.933789587404
0.05795206319641378, 6851.311571338896, 0.0019800362324350245, 0.09703994141047945, 0, 0, 0, 1, 1.0, 0.00015508068129377038, 5602.741098784078
0.05795206319641378, 6851.311571338896, 0.0019800362324350245, 0.09703994141047945, 0, 0, 0, 1, 1.0, 0.00019242615252307917, 4992.607644895024
0.05795206319641378, 8686.61860499686, 0.0019800362324350245, 0.09703994141047945, 0, 0, 0, 1, 1.0, 0.00019242615252307917, 4681.442454298969
0.05795206319641378, 8686.61860499686, 0.0019800362324350245, 0.11057142211723493, 0, 0, 0, 1, 1.0, 0.00019242615252307917, 4639.447451303436
0.05795206319641378, 7524.699259944028, 0.0019800362324350245, 0.11057142211723493, 0, 0, 0, 1, 1.0, 0.00019242615252307917, 4572.584189665559
0.05795206319641378, 7524.699259944028, 0.0019800362324350245, 0.12949132138594915, 0, 0, 0, 1, 1.0, 0.00019242615252307917, 4548.508058450236
0.05795206319641378, 7524.699259944028, 0.001664238610250342, 0.12949132138594915, 0, 0, 0, 1, 1.0, 0.00019242615252307917, 4508.168490159195
0.05795206319641378, 7524.699259944028, 0.0013747138083197374, 0.12949132138594915, 0, 0, 0, 1, 1.0, 0.00019242615252307917, 4480.258183589654
0.05795206319641378, 7524.699259944028, 0.0011140602190414634, 0.12949132138594915, 0, 0, 0, 1, 1.0, 0.00019242615252307917, 4468.653082573838
0.05795206319641378, 7524.699259944028, 0.0011140602190414634, 0.14536426548611572, 0, 0, 0, 1, 1.0, 0.00019242615252307917, 4454.321146759103
0.05795206319641378, 7524.699259944028, 0.0009810021779539763, 0.14536426548611572, 0, 0, 0, 1, 1.0, 0.00019242615252307917, 4437.626594929351
0.05795206319641378, 7524.699259944028, 0.0008529182495820607, 0.14536426548611572, 0, 0, 0, 1, 1.0, 0.00019242615252307917, 4426.518783820778
0.05795206319641378, 8126.5938969596855, 0.0008529182495820607, 0.14536426548611572, 0, 0, 0, 1, 1.0, 0.00019242615252307917, 4393.860888097278
0.053248521130862626, 8126.5938969596855, 0.0008529182495820607, 0.14536426548611572, 0, 0, 0, 1, 1.0, 0.00019242615252307917, 4357.408015613671
0.053248521130862626, 8919.613669957402, 0.0008529182495820607, 0.14536426548611572, 0, 0, 0, 1, 1.0, 0.00019242615252307917, 4120.051907883417
0.053248521130862626, 8919.613669957402, 0.0008529182495820607, 0.1610419028981734, 0, 0, 0, 1, 1.0, 0.00019242615252307917, 4015.517529714478
0.053248521130862626, 8919.613669957402, 0.0008529182495820607, 0.1802470860997915, 0, 0, 0, 1, 1.0, 0.00019242615252307917, 3964.3336945535357
0.053248521130862626, 9489.802889148172, 0.0008529182495820607, 0.1802470860997915, 0, 0, 0, 1, 1.0, 0.00019242615252307917, 3957.768147434781
0.053248521130862626, 9489.802889148172, 0.0008529182495820607, 0.1802470860997915, 0, 0, 0, 1, 1.0, 0.00017974707596849924, 3933.659483524527
0.053248521130862626, 9489.802889148172, 0.0008529182495820607, 0.19428118376118328, 0, 0, 0, 1, 1.0, 0.00017974707596849924, 3911.2710199328712
0.053248521130862626, 9489.802889148172, 0.000785395972192768, 0.19428118376118328, 0, 0, 0, 1, 1.0, 0.00017974707596849924, 3903.785478408964
0.053248521130862626, 9489.802889148172, 0.000785395972192768, 0.21273127936106817, 0, 0, 0, 1, 1.0, 0.00017974707596849924, 3899.0512854653703
0.053248521130862626, 9489.802889148172, 0.0007108009468579171, 0.21273127936106817, 0, 0, 0, 1, 1.0, 0.00017974707596849924, 3881.3392944285
0.053248521130862626, 9489.802889148172, 0.0006369029469853305, 0.21273127936106817, 0, 0, 0, 1, 1.0, 0.00017974707596849924, 3869.519104488557
0.053248521130862626, 9489.802889148172, 0.0006369029469853305, 0.22597087044869385, 0, 0, 0, 1, 1.0, 0.00017974707596849924, 3865.3252279930257
0.053248521130862626, 9489.802889148172, 0.0005959777429719554, 0.22597087044869385, 0, 0, 0, 1, 1.0, 0.00017974707596849924, 3855.7441253871207
0.053248521130862626, 9489.802889148172, 0.0005539907357146263, 0.22597087044869385, 0, 0, 0, 1, 1.0, 0.00017974707596849924, 3848.892023758502
0.05218942084182131, 9489.802889148172, 0.0005539907357146263, 0.22597087044869385, 0, 0, 0, 1, 1.0, 0.00017974707596849924, 3829.0605208595543
0.05218942084182131, 9701.85484065192, 0.0005539907357146263, 0.22597087044869385, 0, 0, 0, 1, 1.0, 0.00017974707596849924, 3806.671781977496
0.05218942084182131, 9940.588840352188, 0.0005539907357146263, 0.22597087044869385, 0, 0, 0, 1, 1.0, 0.00017974707596849924, 3794.239655047508
0.05218942084182131, 9940.588840352188, 0.0005539907357146263, 0.23209486446901015, 0, 0, 0, 1, 1.0, 0.00017974707596849924, 3782.5481264369387
0.05218942084182131, 9940.588840352188, 0.0005539907357146263, 0.2390231198276661, 0, 0, 0, 1, 1.0, 0.00017974707596849924, 3773.0502766562913
0.05218942084182131, 9940.588840352188, 0.0005539907357146263, 0.2468833082674495, 0, 0, 0, 1, 1.0, 0.00017974707596849924, 3766.5264914428008
0.05126889742202823, 9940.588840352188, 0.0005539907357146263, 0.2468833082674495, 0, 0, 0, 1, 1.0, 0.00017974707596849924, 3750.031887089216
0.05126889742202823, 10137.093697265944, 0.0005539907357146263, 0.2468833082674495, 0, 0, 0, 1, 1.0, 0.00017974707596849924, 3733.6110115873257
0.05126889742202823, 10357.738573869214, 0.0005539907357146263, 0.2468833082674495, 0, 0, 0, 1, 1.0, 0.00017974707596849924, 3724.732793862275
0.05126889742202823, 10357.738573869214, 0.0005539907357146263, 0.2528007519926352, 0, 0, 0, 1, 1.0, 0.00017974707596849924, 3715.706555593953
0.05126889742202823, 10357.738573869214, 0.0005539907357146263, 0.25947388710698843, 0, 0, 0, 1, 1.0, 0.00017974707596849924, 3708.21478108619
0.05126889742202823, 10357.738573869214, 0.0005539907357146263, 0.26701796639765163, 0, 0, 0, 1, 1.0, 0.00017974707596849924, 3702.839439548811
0.05046708533985457, 10357.738573869214, 0.0005539907357146263, 0.26701796639765163, 0, 0, 0, 1, 1.0, 0.00017974707596849924, 3693.6082476929923
0.05046708533985457, 10538.899793263958, 0.0005539907357146263, 0.26701796639765163, 0, 0, 0, 1, 1.0, 0.00017974707596849924, 3680.456692315995
0.05046708533985457, 10741.838976973651, 0.0005539907357146263, 0.26701796639765163, 0, 0, 0, 1, 1.0, 0.00017974707596849924, 3672.8445865881877
0.05046708533985457, 10741.838976973651, 0.0005539907357146263, 0.27267930790809247, 0, 0, 0, 1, 1.0, 0.00017974707596849924, 3665.368830467414
0.05046708533985457, 10741.838976973651, 0.0005539907357146263, 0.27904551842297554, 0, 0, 0, 1, 1.0, 0.00017974707596849924, 3658.934045054702
0.05046708533985457, 10741.838976973651, 0.0005539907357146263, 0.28622015185792926, 0, 0, 0, 1, 1.0, 0.00017974707596849924, 3653.9673482662515
0.050115989029578006, 10741.838976973651, 0.0005539907357146263, 0.28622015185792926, 0, 0, 0, 1, 1.0, 0.00017974707596849924, 3645.80241348251
