W, K, Conc_level, Scale, empty_1, empty_2, empty_3, Flag_consumption_model, Init_conc_comp, D_comp, Deviation
0.08546583452864354, 2437.0963379668656, 0.021917566020700618, 0.028624047607649285, 0, 0, 0, 1, 1.0, 2.919508594528113e-06, 17021.82814331196
0.08546583452864354, 2437.0963379668656, 0.021917566020700618, 0.21150469355138224, 0, 0, 0, 1, 1.0, 2.919508594528113e-06, 15690.335438400962
0.08546583452864354, 2437.0963379668656, 0.021917566020700618, 1.562820045838299, 0, 0, 0, 1, 1.0, 2.919508594528113e-06, 10839.911280727847
0.08546583452864354, 2437.0963379668656, 0.021917566020700618, 1.562820045838299, 0, 0, 0, 1, 1.0, 2.1572412786278404e-05, 10786.333272247923
0.08546583452864354, 2437.0963379668656, 0.021917566020700618, 1.562820045838299, 0, 0, 0, 1, 1.0, 7.936047160535776e-06, 10745.419817026728
0.08546583452864354, 4224.104582614647, 0.021917566020700618, 1.562820045838299, 0, 0, 0, 1, 1.0, 7.936047160535776e-06, 9473.497170991719
0.046670706587513294, 4224.104582614647, 0.021917566020700618, 1.562820045838299, 0, 0, 0, 1, 1.0, 7.936047160535776e-06, 9062.714941057973
0.046670706587513294, 8217.839214578225, 0.021917566020700618, 1.562820045838299, 0, 0, 0, 1, 1.0, 7.936047160535776e-06, 6257.646226240897
0.046670706587513294, 8217.839214578225, 0.021917566020700618, 3.249632493388216, 0, 0, 0, 1, 1.0, 7.936047160535776e-06, 5344.307992406335
0.046670706587513294, 8217.839214578225, 0.021917566020700618, 3.249632493388216, 0, 0, 0, 1, 1.0, 1.7755055860472906e-05, 5275.138745239363
0.046670706587513294, 8217.839214578225, 0.01407497174709982, 3.249632493388216, 0, 0, 0, 1, 1.0, 1.7755055860472906e-05, 5177.628101954325
0.046670706587513294, 8217.839214578225, 0.01407497174709982, 3.249632493388216, 0, 0, 0, 1, 1.0, 2.890023098285416e-05, 5108.213228130556
0.046670706587513294, 8217.839214578225, 0.00823588613847703, 3.249632493388216, 0, 0, 0, 1, 1.0, 2.890023098285416e-05, 5015.626277323169
0.046670706587513294, 8217.839214578225, 0.00823588613847703, 3.249632493388216, 0, 0, 0, 1, 1.0, 3.880670530928847e-05, 4882.731469281573
0.046670706587513294, 8217.839214578225, 0.005955309393470605, 3.249632493388216, 0, 0, 0, 1, 1.0, 3.880670530928847e-05, 4847.663267942903
0.046670706587513294, 9822.022902514545, 0.005955309393470605, 3.249632493388216, 0, 0, 0, 1, 1.0, 3.880670530928847e-05, 4552.968806991188
0.046670706587513294, 9822.022902514545, 0.005955309393470605, 3.249632493388216, 0, 0, 0, 1, 1.0, 4.7216566798063884e-05, 4531.4178118195005
0.046670706587513294, 9822.022902514545, 0.00479952140571871, 3.249632493388216, 0, 0, 0, 1, 1.0, 4.7216566798063884e-05, 4417.619415745432
0.046670706587513294, 9822.022902514545, 0.004262451152867147, 3.249632493388216, 0, 0, 0, 1, 1.0, 4.7216566798063884e-05, 4401.574575447208
0.046670706587513294, 9822.022902514545, 0.004262451152867147, 3.249632493388216, 0, 0, 0, 1, 1.0, 5.380055740420657e-05, 4369.017268144487
0.046670706587513294, 9822.022902514545, 0.0036923070407485197, 3.249632493388216, 0, 0, 0, 1, 1.0, 5.380055740420657e-05, 4308.900163425619
0.046670706587513294, 9822.022902514545, 0.003411920669021885, 3.249632493388216, 0, 0, 0, 1, 1.0, 5.380055740420657e-05, 4298.211255152914
0.046670706587513294, 9822.022902514545, 0.003411920669021885, 3.249632493388216, 0, 0, 0, 1, 1.0, 5.868343772388256e-05, 4275.731235357361
0.046670706587513294, 9822.022902514545, 0.0031009679353154198, 3.249632493388216, 0, 0, 0, 1, 1.0, 5.868343772388256e-05, 4241.40831243371
0.046670706587513294, 9822.022902514545, 0.002791550324156331, 3.249632493388216, 0, 0, 0, 1, 1.0, 5.868343772388256e-05, 4232.07382475874
0.046670706587513294, 9822.022902514545, 0.002791550324156331, 3.249632493388216, 0, 0, 0, 1, 1.0, 6.587680726113918e-05, 4212.492189099584
0.046670706587513294, 9822.022902514545, 0.002458140862638204, 3.249632493388216, 0, 0, 0, 1, 1.0, 6.587680726113918e-05, 4160.041587142884
0.046670706587513294, 9822.022902514545, 0.0021371952569567846, 3.249632493388216, 0, 0, 0, 1, 1.0, 6.587680726113918e-05, 4151.057411106838
0.046670706587513294, 10607.678608535738, 0.0021371952569567846, 3.249632493388216, 0, 0, 0, 1, 1.0, 6.587680726113918e-05, 4094.8279933771537
0.046670706587513294, 10607.678608535738, 0.0021371952569567846, 3.249632493388216, 0, 0, 0, 1, 1.0, 7.169582960235091e-05, 4087.298851018955
0.046670706587513294, 10607.678608535738, 0.0019471827563893962, 3.249632493388216, 0, 0, 0, 1, 1.0, 7.169582960235091e-05, 4041.1880485610727
0.046670706587513294, 10607.678608535738, 0.0017576219981003793, 3.249632493388216, 0, 0, 0, 1, 1.0, 7.169582960235091e-05, 4018.1318137996254
0.046670706587513294, 10607.678608535738, 0.0017576219981003793, 3.249632493388216, 0, 0, 0, 1, 1.0, 7.585052199157373e-05, 4004.5262020440628
0.046670706587513294, 10607.678608535738, 0.0016520163151967449, 3.249632493388216, 0, 0, 0, 1, 1.0, 7.585052199157373e-05, 3982.290440329106
0.046670706587513294, 10607.678608535738, 0.001543163952588277, 3.249632493388216, 0, 0, 0, 1, 1.0, 7.585052199157373e-05, 3970.8598257905746
0.046670706587513294, 10607.678608535738, 0.001543163952588277, 3.249632493388216, 0, 0, 0, 1, 1.0, 7.874805176052185e-05, 3958.325929840456
0.046670706587513294, 10607.678608535738, 0.001480821465804765, 3.249632493388216, 0, 0, 0, 1, 1.0, 7.874805176052185e-05, 3947.3920610334753
0.046670706587513294, 10607.678608535738, 0.0014151497395956819, 3.249632493388216, 0, 0, 0, 1, 1.0, 7.874805176052185e-05, 3941.2946881661983
0.046670706587513294, 11150.406209633467, 0.0014151497395956819, 3.249632493388216, 0, 0, 0, 1, 1.0, 7.874805176052185e-05, 3931.448894546303
0.046670706587513294, 11150.406209633467, 0.0013395688072753115, 3.249632493388216, 0, 0, 0, 1, 1.0, 7.874805176052185e-05, 3923.115748315572
0.046670706587513294, 11150.406209633467, 0.0013395688072753115, 3.249632493388216, 0, 0, 0, 1, 1.0, 8.364903297676745e-05, 3909.8363582410166
0.046670706587513294, 11150.406209633467, 0.0012534926994676985, 3.249632493388216, 0, 0, 0, 1, 1.0, 8.364903297676745e-05, 3882.763043488619
0.046670706587513294, 11150.406209633467, 0.0011651833495126018, 3.249632493388216, 0, 0, 0, 1, 1.0, 8.364903297676745e-05, 3868.5537898867956
0.046670706587513294, 11150.406209633467, 0.0011651833495126018, 3.249632493388216, 0, 0, 0, 1, 1.0, 8.707852641945655e-05, 3857.5094404671668
0.046670706587513294, 11150.406209633467, 0.0011148055158198753, 3.249632493388216, 0, 0, 0, 1, 1.0, 8.707852641945655e-05, 3843.4728445604037
0.046670706587513294, 11150.406209633467, 0.0010619019826270573, 3.249632493388216, 0, 0, 0, 1, 1.0, 8.707852641945655e-05, 3835.030096003523
0.046670706587513294, 11150.406209633467, 0.0010619019826270573, 3.249632493388216, 0, 0, 0, 1, 1.0, 8.94384251711489e-05, 3827.094598376232
0.046670706587513294, 11150.406209633467, 0.0010311219973820828, 3.249632493388216, 0, 0, 0, 1, 1.0, 8.94384251711489e-05, 3819.4323061450455
0.046670706587513294, 11150.406209633467, 0.0009982934790804363, 3.249632493388216, 0, 0, 0, 1, 1.0, 8.94384251711489e-05, 3814.1164271038756
0.046670706587513294, 11150.406209633467, 0.0009982934790804363, 3.249632493388216, 0, 0, 0, 1, 1.0, 9.26789581452452e-05, 3810.2170480541213
0.046670706587513294, 11150.406209633467, 0.0009599653001787604, 3.249632493388216, 0, 0, 0, 1, 1.0, 9.26789581452452e-05, 3797.200880515021
0.046670706587513294, 11150.406209633467, 0.0009195017615503661, 3.249632493388216, 0, 0, 0, 1, 1.0, 9.26789581452452e-05, 3788.2349771354666
0.046670706587513294, 11417.66567614624, 0.0009195017615503661, 3.249632493388216, 0, 0, 0, 1, 1.0, 9.26789581452452e-05, 3783.063602282746
0.046670706587513294, 11417.66567614624, 0.0008958540659725011, 3.249632493388216, 0, 0, 0, 1, 1.0, 9.26789581452452e-05, 3778.2297903175886
0.046670706587513294, 11417.66567614624, 0.0008958540659725011, 3.249632493388216, 0, 0, 0, 1, 1.0, 9.401660317340936e-05, 3774.2610692054354
0.04648715170297053, 11417.66567614624, 0.0008958540659725011, 3.249632493388216, 0, 0, 0, 1, 1.0, 9.401660317340936e-05, 3769.8175142316736
