W, K, Conc_level, Scale, empty_1, empty_2, empty_3, Flag_consumption_model, Init_conc_comp, D_comp, Deviation
0.6507695176996053, 17278.431803436226, 8.227184488286984, 0.5605909770031988, 0, 0, 0, 1, 1.0, 1.6226237775909665e-06, 118723.37985580128
0.6507695176996053, 2338.3814620025382, 8.227184488286984, 0.5605909770031988, 0, 0, 0, 1, 1.0, 1.6226237775909665e-06, 16524.306692452166
0.08807207699962993, 2338.3814620025382, 8.227184488286984, 0.5605909770031988, 0, 0, 0, 1, 1.0, 1.6226237775909665e-06, 11895.169668204795
0.08807207699962993, 2338.3814620025382, 8.227184488286984, 0.07586773865261735, 0, 0, 0, 1, 1.0, 1.6226237775909665e-06, 11214.463354324558
0.08807207699962993, 2338.3814620025382, 1.1134283429621854, 0.07586773865261735, 0, 0, 0, 1, 1.0, 1.6226237775909665e-06, 11033.630042848992
0.08807207699962993, 2338.3814620025382, 1.1134283429621854, 0.07586773865261735, 0, 0, 0, 1, 1.0, 1.1989658120078423e-05, 10988.760289331653
0.08807207699962993, 3855.3392554144484, 1.1134283429621854, 0.07586773865261735, 0, 0, 0, 1, 1.0, 1.1989658120078423e-05, 9756.234073215548
0.05081316812475211, 3855.3392554144484, 1.1134283429621854, 0.07586773865261735, 0, 0, 0, 1, 1.0, 1.1989658120078423e-05, 9033.093251266799
0.05081316812475211, 7060.098527481742, 1.1134283429621854, 0.07586773865261735, 0, 0, 0, 1, 1.0, 1.1989658120078423e-05, 6373.293038852354
0.05081316812475211, 7060.098527481742, 1.1134283429621854, 0.14759787917820316, 0, 0, 0, 1, 1.0, 1.1989658120078423e-05, 5844.009288134781
0.05081316812475211, 7060.098527481742, 0.5354722841817501, 0.14759787917820316, 0, 0, 0, 1, 1.0, 1.1989658120078423e-05, 5786.602626134462
0.05081316812475211, 7060.098527481742, 0.5354722841817501, 0.14759787917820316, 0, 0, 0, 1, 1.0, 2.6824065603913736e-05, 5695.628510487601
0.05081316812475211, 7060.098527481742, 0.34386835034943436, 0.14759787917820316, 0, 0, 0, 1, 1.0, 2.6824065603913736e-05, 5619.298040000706
0.05081316812475211, 7060.098527481742, 0.34386835034943436, 0.14759787917820316, 0, 0, 0, 1, 1.0, 4.366202494345137e-05, 5603.799492565786
0.05081316812475211, 7060.098527481742, 0.2012125232640287, 0.14759787917820316, 0, 0, 0, 1, 1.0, 4.366202494345137e-05, 5455.981711080518
0.05081316812475211, 8181.133721973075, 0.2012125232640287, 0.14759787917820316, 0, 0, 0, 1, 1.0, 4.366202494345137e-05, 5246.797024754296
0.05081316812475211, 8181.133721973075, 0.17110078612026747, 0.14759787917820316, 0, 0, 0, 1, 1.0, 4.366202494345137e-05, 5210.489820912515
0.05081316812475211, 8181.133721973075, 0.17110078612026747, 0.14759787917820316, 0, 0, 0, 1, 1.0, 5.2185178824620153e-05, 5190.6208939555645
0.05081316812475211, 8181.133721973075, 0.14062559468913108, 0.14759787917820316, 0, 0, 0, 1, 1.0, 5.2185178824620153e-05, 5123.793308469806
0.05081316812475211, 8181.133721973075, 0.11333341516100014, 0.14759787917820316, 0, 0, 0, 1, 1.0, 5.2185178824620153e-05, 5091.16438857508
0.05081316812475211, 8181.133721973075, 0.11333341516100014, 0.14759787917820316, 0, 0, 0, 1, 1.0, 6.616437459644627e-05, 5047.258311537669
0.05081316812475211, 8181.133721973075, 0.08729175730635541, 0.14759787917820316, 0, 0, 0, 1, 1.0, 6.616437459644627e-05, 4951.45719395532
0.05081316812475211, 8181.133721973075, 0.06550131565103719, 0.14759787917820316, 0, 0, 0, 1, 1.0, 6.616437459644627e-05, 4920.695192550965
0.05081316812475211, 8181.133721973075, 0.06550131565103719, 0.14759787917820316, 0, 0, 0, 1, 1.0, 9.074438181114606e-05, 4878.279722170938
0.05081316812475211, 8181.133721973075, 0.046273775494649366, 0.14759787917820316, 0, 0, 0, 1, 1.0, 9.074438181114606e-05, 4730.762662319147
0.05081316812475211, 8181.133721973075, 0.03157390793696387, 0.14759787917820316, 0, 0, 0, 1, 1.0, 9.074438181114606e-05, 4672.042005882771
0.05081316812475211, 8181.133721973075, 0.03157390793696387, 0.18213094688863704, 0, 0, 0, 1, 1.0, 9.074438181114606e-05, 4617.487167313524
0.05081316812475211, 8181.133721973075, 0.02505499654614956, 0.18213094688863704, 0, 0, 0, 1, 1.0, 9.074438181114606e-05, 4547.246088621156
0.05081316812475211, 9290.780215511839, 0.02505499654614956, 0.18213094688863704, 0, 0, 0, 1, 1.0, 9.074438181114606e-05, 4493.041084225853
0.05081316812475211, 9290.780215511839, 0.02178370678238089, 0.18213094688863704, 0, 0, 0, 1, 1.0, 9.074438181114606e-05, 4430.563730425407
0.05081316812475211, 9290.780215511839, 0.01867639117075226, 0.18213094688863704, 0, 0, 0, 1, 1.0, 9.074438181114606e-05, 4397.862643031322
0.05081316812475211, 9290.780215511839, 0.01867639117075226, 0.18213094688863704, 0, 0, 0, 1, 1.0, 9.876000380395626e-05, 4359.797531266338
0.05081316812475211, 9290.780215511839, 0.017015921554615034, 0.18213094688863704, 0, 0, 0, 1, 1.0, 9.876000380395626e-05, 4324.987228562579
0.05081316812475211, 9290.780215511839, 0.015359399596265168, 0.18213094688863704, 0, 0, 0, 1, 1.0, 9.876000380395626e-05, 4302.530764036775
0.05081316812475211, 9290.780215511839, 0.015359399596265168, 0.2038511211956442, 0, 0, 0, 1, 1.0, 9.876000380395626e-05, 4293.382714171567
0.05081316812475211, 9290.780215511839, 0.01356912816205431, 0.2038511211956442, 0, 0, 0, 1, 1.0, 9.876000380395626e-05, 4248.094858171006
0.05081316812475211, 9290.780215511839, 0.011839883254003897, 0.2038511211956442, 0, 0, 0, 1, 1.0, 9.876000380395626e-05, 4231.27558216298
0.05081316812475211, 9290.780215511839, 0.011839883254003897, 0.23683074505059185, 0, 0, 0, 1, 1.0, 9.876000380395626e-05, 4210.077780803601
0.05081316812475211, 9290.780215511839, 0.010039450566163679, 0.23683074505059185, 0, 0, 0, 1, 1.0, 9.876000380395626e-05, 4160.235687196062
0.05081316812475211, 9290.780215511839, 0.010039450566163679, 0.23683074505059185, 0, 0, 0, 1, 1.0, 0.000103343080596999, 4145.2204796115175
0.05081316812475211, 9290.780215511839, 0.009550796895644859, 0.23683074505059185, 0, 0, 0, 1, 1.0, 0.000103343080596999, 4128.116326892948
0.05081316812475211, 9290.780215511839, 0.009040703784239152, 0.23683074505059185, 0, 0, 0, 1, 1.0, 0.000103343080596999, 4115.00561528544
0.05081316812475211, 9290.780215511839, 0.00851101063834824, 0.23683074505059185, 0, 0, 0, 1, 1.0, 0.000103343080596999, 4107.939106540683
0.05081316812475211, 9290.780215511839, 0.00851101063834824, 0.25309367881302125, 0, 0, 0, 1, 1.0, 0.000103343080596999, 4095.6670977649665
0.05081316812475211, 9290.780215511839, 0.007911404579810669, 0.25309367881302125, 0, 0, 0, 1, 1.0, 0.000103343080596999, 4081.842637449148
0.05081316812475211, 9290.780215511839, 0.007911404579810669, 0.25309367881302125, 0, 0, 0, 1, 1.0, 0.00010758000246737057, 4069.733649204718
0.05081316812475211, 9290.780215511839, 0.007569347319582659, 0.25309367881302125, 0, 0, 0, 1, 1.0, 0.00010758000246737057, 4055.94681565775
0.05081316812475211, 9290.780215511839, 0.007210140972388543, 0.25309367881302125, 0, 0, 0, 1, 1.0, 0.00010758000246737057, 4045.353127634019
0.05081316812475211, 9290.780215511839, 0.006834670958960449, 0.25309367881302125, 0, 0, 0, 1, 1.0, 0.00010758000246737057, 4039.51455058706
0.05081316812475211, 9290.780215511839, 0.006834670958960449, 0.2684293859398317, 0, 0, 0, 1, 1.0, 0.00010758000246737057, 4029.6822634225214
0.05081316812475211, 9290.780215511839, 0.006406398884764142, 0.2684293859398317, 0, 0, 0, 1, 1.0, 0.00010758000246737057, 4018.738713601344
0.05081316812475211, 9627.403759428616, 0.006406398884764142, 0.2684293859398317, 0, 0, 0, 1, 1.0, 0.00010758000246737057, 4012.5967534286524
0.05081316812475211, 9627.403759428616, 0.006160433537182269, 0.2684293859398317, 0, 0, 0, 1, 1.0, 0.00010758000246737057, 4005.511413158211
0.05081316812475211, 9627.403759428616, 0.006160433537182269, 0.2684293859398317, 0, 0, 0, 1, 1.0, 0.00011231416151687746, 3999.050356003524
0.05081316812475211, 9627.403759428616, 0.00587540772896852, 0.2684293859398317, 0, 0, 0, 1, 1.0, 0.00011231416151687746, 3981.4746156615356
0.05081316812475211, 9627.403759428616, 0.005577086974482632, 0.2684293859398317, 0, 0, 0, 1, 1.0, 0.00011231416151687746, 3967.501831444417
0.05081316812475211, 9627.403759428616, 0.005266399067536483, 0.2684293859398317, 0, 0, 0, 1, 1.0, 0.00011231416151687746, 3958.93027723112
0.05081316812475211, 9627.403759428616, 0.005266399067536483, 0.2858992889718529, 0, 0, 0, 1, 1.0, 0.00011231416151687746, 3954.095249954674
0.05081316812475211, 9627.403759428616, 0.0049135168086658415, 0.2858992889718529, 0, 0, 0, 1, 1.0, 0.00011231416151687746, 3939.5026318322048
0.05081316812475211, 9627.403759428616, 0.0049135168086658415, 0.2858992889718529, 0, 0, 0, 1, 1.0, 0.00011447690570311996, 3933.8178516270486
0.04975819002542882, 9627.403759428616, 0.0049135168086658415, 0.2858992889718529, 0, 0, 0, 1, 1.0, 0.00011447690570311996, 3917.256449141337
0.04975819002542882, 9852.173579751605, 0.0049135168086658415, 0.2858992889718529, 0, 0, 0, 1, 1.0, 0.00011447690570311996, 3895.0005410175886
0.04975819002542882, 9852.173579751605, 0.0049135168086658415, 0.2858992889718529, 0, 0, 0, 1, 1.0, 0.00011742026003408859, 3876.568809194076
0.04975819002542882, 10131.17287861075, 0.0049135168086658415, 0.2858992889718529, 0, 0, 0, 1, 1.0, 0.00011742026003408859, 3870.0104867681084
0.04975819002542882, 10131.17287861075, 0.004764880436564121, 0.2858992889718529, 0, 0, 0, 1, 1.0, 0.00011742026003408859, 3864.592025645117
0.04933963742485739, 10131.17287861075, 0.004764880436564121, 0.2858992889718529, 0, 0, 0, 1, 1.0, 0.00011742026003408859, 3857.247490532109
0.04933963742485739, 10225.750895720706, 0.004764880436564121, 0.2858992889718529, 0, 0, 0, 1, 1.0, 0.00011742026003408859, 3852.685897922042
0.04933963742485739, 10225.750895720706, 0.004764880436564121, 0.2858992889718529, 0, 0, 0, 1, 1.0, 0.0001186265960759393, 3845.755033386725
0.04933963742485739, 10225.750895720706, 0.004764880436564121, 0.2858992889718529, 0, 0, 0, 1, 1.0, 0.00011996788509200984, 3841.019126100908
