W, K, Conc_level, Scale, empty_1, empty_2, empty_3, Flag_consumption_model, Init_conc_comp, D_comp, Deviation
0.002991165732251201, 55471.674207258526, 0.014722026363094477, 1.0944409307469771, 0, 0, 0, 1, 1.0, 1.4196397837661774e-06, 16028.17685317664
0.022101891396803103, 55471.674207258526, 0.014722026363094477, 1.0944409307469771, 0, 0, 0, 1, 1.0, 1.4196397837661774e-06, 14959.227149661718
0.022101891396803103, 55471.674207258526, 0.014722026363094477, 8.086885434255288, 0, 0, 0, 1, 1.0, 1.4196397837661774e-06, 13233.423652001531
0.022101891396803103, 55471.674207258526, 0.10878187868684107, 8.086885434255288, 0, 0, 0, 1, 1.0, 1.4196397837661774e-06, 13054.989023872251
0.022101891396803103, 409883.31261903764, 0.10878187868684107, 8.086885434255288, 0, 0, 0, 1, 1.0, 1.4196397837661774e-06, 12997.168165135476
0.036439858468613445, 409883.31261903764, 0.10878187868684107, 8.086885434255288, 0, 0, 0, 1, 1.0, 1.4196397837661774e-06, 4754.296721024863
0.036439858468613445, 710431.488570432, 0.10878187868684107, 8.086885434255288, 0, 0, 0, 1, 1.0, 1.4196397837661774e-06, 4748.796578185151
0.036439858468613445, 710431.488570432, 0.10878187868684107, 14.809126814486184, 0, 0, 0, 1, 1.0, 1.4196397837661774e-06, 4743.784956846472
0.036629810637553224, 710431.488570432, 0.10878187868684107, 14.809126814486184, 0, 0, 0, 1, 1.0, 1.4196397837661774e-06, 4737.853584869954
