W, K, Effect, empty_0, empty_1, empty_2, empty_3, Flag_consumption_model, Init_conc_comp, D_comp, Deviation
0.003535487042343589, 49556.891609795646, 0, 0.15412229632813115, 0, 0, 0, 1, 1.0, 5.774498655471473e-06, 15971.834210086226
0.026123912092919182, 49556.891609795646, 0, 0.15412229632813115, 0, 0, 0, 1, 1.0, 5.774498655471473e-06, 11740.52967012233
0.026123912092919182, 49556.891609795646, 0, 1.1388182936645745, 0, 0, 0, 1, 1.0, 5.774498655471473e-06, 11518.830653780615
0.026123912092919182, 366178.6521934057, 0, 1.1388182936645745, 0, 0, 0, 1, 1.0, 5.774498655471473e-06, 11376.42340226524
0.026123912092919182, 2705714.60328789, 0, 1.1388182936645745, 0, 0, 0, 1, 1.0, 5.774498655471473e-06, 11356.521484848778
0.03354376711062448, 2705714.60328789, 0, 1.1388182936645745, 0, 0, 0, 1, 1.0, 5.774498655471473e-06, 6361.5671557391415
0.03354376711062448, 2705714.60328789, 0, 1.4992892167098155, 0, 0, 0, 1, 1.0, 5.774498655471473e-06, 6355.152819555021
0.03617889967708603, 2705714.60328789, 0, 1.4992892167098155, 0, 0, 0, 1, 1.0, 5.774498655471473e-06, 4773.502759671556
0.03655706646855674, 2705714.60328789, 0, 1.4992892167098155, 0, 0, 0, 1, 1.0, 5.774498655471473e-06, 4738.423740449367
