W, K, Effect, empty_0, empty_1, empty_2, empty_3, Flag_consumption_model, Init_conc_comp, D_comp, Deviation
0.027885898565883808, 1523.1682891499631, 0, 3.8759352135862772, 0, 0, 0, 1, 1.0, 0.00036830624855972754, 13894.21375506819
0.027885898565883808, 11254.7759366413, 0, 3.8759352135862772, 0, 0, 0, 1, 1.0, 0.00036830624855972754, 11322.860743846471
0.027885898565883808, 83162.17077673732, 0, 3.8759352135862772, 0, 0, 0, 1, 1.0, 0.00036830624855972754, 10551.187094011146
0.027885898565883808, 614489.9451781631, 0, 3.8759352135862772, 0, 0, 0, 1, 1.0, 0.00036830624855972754, 10428.396991875981
0.027885898565883808, 4540500.677150267, 0, 3.8759352135862772, 0, 0, 0, 1, 1.0, 0.00036830624855972754, 10411.380368443268
0.03580620252577105, 4540500.677150267, 0, 3.8759352135862772, 0, 0, 0, 1, 1.0, 0.00036830624855972754, 4871.655260857311
0.037058440268306896, 4540500.677150267, 0, 3.8759352135862772, 0, 0, 0, 1, 1.0, 0.00036830624855972754, 4828.713375222541
0.036364385789538815, 4540500.677150267, 0, 3.8759352135862772, 0, 0, 0, 1, 1.0, 0.00036830624855972754, 4743.740830429203
0.03655394453765622, 4540500.677150267, 0, 3.8759352135862772, 0, 0, 0, 1, 1.0, 0.00036830624855972754, 4737.660962936425
