W, K, Effect, empty_0, empty_1, empty_2, empty_3, Flag_consumption_model, Init_conc_comp, D_comp, Deviation
0.1965114079083306, 8536.589678837909, 0, 0.11077327812911285, 0, 0, 0, 1, 1.0, 1.4222256268615302e-06, 39984.52585178458
0.026594927048499455, 8536.589678837909, 0, 0.11077327812911285, 0, 0, 0, 1, 1.0, 1.4222256268615302e-06, 12313.021583368143
0.026594927048499455, 63077.34003048569, 0, 0.11077327812911285, 0, 0, 0, 1, 1.0, 1.4222256268615302e-06, 11679.252210988801
0.026594927048499455, 63077.34003048569, 0, 0.8185099663584625, 0, 0, 0, 1, 1.0, 1.4222256268615302e-06, 11267.039756832555
0.026594927048499455, 466082.00405658275, 0, 0.8185099663584625, 0, 0, 0, 1, 1.0, 1.4222256268615302e-06, 11143.593014429462
0.026594927048499455, 3443906.0746761127, 0, 0.8185099663584625, 0, 0, 0, 1, 1.0, 1.4222256268615302e-06, 11126.434043539246
0.026594927048499455, 3443906.0746761127, 0, 6.048016058956519, 0, 0, 0, 1, 1.0, 1.4222256268615302e-06, 11114.168408913225
0.0341485622852296, 3443906.0746761127, 0, 6.048016058956519, 0, 0, 0, 1, 1.0, 1.4222256268615302e-06, 5872.712437003149
0.036578860264501814, 3443906.0746761127, 0, 6.048016058956519, 0, 0, 0, 1, 1.0, 1.4222256268615302e-06, 4738.123040657833
