W, K, Conc_treshold, Max_effect, empty_1, empty_2, empty_3, empty_4, P_comp, D_comp, Deviation
0.3313209130256787, 8150.495069714782, 7.917370008054058, 0.11109163723189841, 0, 0, 0, 0, 1.0, 0.4619924897605483, 17393.753571526835
0.3313209130256787, 1103.0495587784656, 7.917370008054058, 0.11109163723189841, 0, 0, 0, 0, 1.0, 0.4619924897605483, 15687.799634654233
2.4481488130956626, 1103.0495587784656, 7.917370008054058, 0.11109163723189841, 0, 0, 0, 0, 1.0, 0.4619924897605483, 15309.176660909416
18.08950891849434, 1103.0495587784656, 7.917370008054058, 0.11109163723189841, 0, 0, 0, 0, 1.0, 0.4619924897605483, 15131.27655146035
133.66439620086098, 1103.0495587784656, 7.917370008054058, 0.11109163723189841, 0, 0, 0, 0, 1.0, 0.4619924897605483, 15094.669905020506
133.66439620086098, 2998.3995715172705, 7.917370008054058, 0.11109163723189841, 0, 0, 0, 0, 1.0, 0.4619924897605483, 15058.639965426843
133.66439620086098, 1729.9260642318216, 7.917370008054058, 0.11109163723189841, 0, 0, 0, 0, 1.0, 0.4619924897605483, 14322.79584885869
133.66439620086098, 2012.401268865162, 7.917370008054058, 0.11109163723189841, 0, 0, 0, 0, 1.0, 0.4619924897605483, 13869.82919480701
133.66439620086098, 2186.9681322819283, 7.917370008054058, 0.11109163723189841, 0, 0, 0, 0, 1.0, 0.4619924897605483, 13717.966740369497
