W, K, Conc_treshold, Max_effect, empty_1, empty_2, empty_3, empty_4, P_comp, D_comp, Deviation
0.24829111882144392, 1626.932267286338, 1.2231606304520757, 0.007425365199422894, 0, 0, 0, 0, 1.0, 0.1852597545431718, 15727.128918737808
0.24829111882144392, 1626.932267286338, 1.2231606304520757, 0.05486644001358314, 0, 0, 0, 0, 1.0, 0.1852597545431718, 14926.674819213731
1.834637005837905, 1626.932267286338, 1.2231606304520757, 0.05486644001358314, 0, 0, 0, 0, 1.0, 0.1852597545431718, 14882.49455690335
13.55623575731044, 1626.932267286338, 1.2231606304520757, 0.05486644001358314, 0, 0, 0, 0, 1.0, 0.1852597545431718, 14443.809547766568
13.55623575731044, 2089.022382425072, 1.2231606304520757, 0.05486644001358314, 0, 0, 0, 0, 1.0, 0.1852597545431718, 14041.65539518826
17.847200210236494, 2089.022382425072, 1.2231606304520757, 0.05486644001358314, 0, 0, 0, 0, 1.0, 0.1852597545431718, 13797.609014468031
17.847200210236494, 2253.1318843137797, 1.2231606304520757, 0.05486644001358314, 0, 0, 0, 0, 1.0, 0.1852597545431718, 13660.913799332408
17.847200210236494, 2348.8243982862027, 1.2231606304520757, 0.05486644001358314, 0, 0, 0, 0, 1.0, 0.1852597545431718, 13589.910230795154
17.847200210236494, 2403.1767535987406, 1.2231606304520757, 0.05486644001358314, 0, 0, 0, 0, 1.0, 0.1852597545431718, 13551.306789979251
