W, K, Conc_treshold, Max_effect, empty_1, empty_2, empty_3, empty_4, P_comp, D_comp, Deviation
0.1416690087283884, 9162.609497811074, 771.0725376288286, 0.06553613414548222, 0, 0, 0, 0, 1.0, 0.05367184166065403, 12210.163731145607
0.1416690087283884, 9162.609497811074, 104.35332027597123, 0.06553613414548222, 0, 0, 0, 0, 1.0, 0.05367184166065403, 12041.288321096179
0.1416690087283884, 9162.609497811074, 14.122686156229525, 0.06553613414548222, 0, 0, 0, 0, 1.0, 0.05367184166065403, 12013.3652601588
0.1416690087283884, 15106.589174160137, 14.122686156229525, 0.06553613414548222, 0, 0, 0, 0, 1.0, 0.05367184166065403, 11994.092954918488
0.1416690087283884, 15106.589174160137, 14.122686156229525, 0.08628033091476668, 0, 0, 0, 0, 1.0, 0.05367184166065403, 11731.540101482058
0.1416690087283884, 20442.8056326897, 14.122686156229525, 0.08628033091476668, 0, 0, 0, 0, 1.0, 0.05367184166065403, 11175.500331441168
0.1416690087283884, 28513.595761525812, 14.122686156229525, 0.08628033091476668, 0, 0, 0, 0, 1.0, 0.05367184166065403, 10906.788518078474
0.1432987617122067, 28513.595761525812, 14.122686156229525, 0.08628033091476668, 0, 0, 0, 0, 1.0, 0.05367184166065403, 10893.557576778183
0.1432987617122067, 28513.595761525812, 14.122686156229525, 0.08737277770573404, 0, 0, 0, 0, 1.0, 0.05367184166065403, 10873.258569293057
