W, K, Conc_treshold, Max_effect, empty_1, empty_2, empty_3, empty_4, P_comp, D_comp, Deviation
0.8996190408499474, 1788.5838044330917, 39.45921451422476, 0.003585305087290726, 0, 0, 0, 0, 1.0, 0.03507261936925093, 16604.156716487916
0.8996190408499474, 1788.5838044330917, 39.45921451422476, 0.026492020421772625, 0, 0, 0, 0, 1.0, 0.03507261936925093, 14845.39136356889
6.647335560506446, 1788.5838044330917, 39.45921451422476, 0.026492020421772625, 0, 0, 0, 0, 1.0, 0.03507261936925093, 14416.87833187858
49.117535364998744, 1788.5838044330917, 39.45921451422476, 0.026492020421772625, 0, 0, 0, 0, 1.0, 0.03507261936925093, 14354.188895878448
49.117535364998744, 1788.5838044330917, 39.45921451422476, 0.19575102507049436, 0, 0, 0, 0, 1.0, 0.03507261936925093, 14324.985753536072
362.9322242531859, 1788.5838044330917, 39.45921451422476, 0.19575102507049436, 0, 0, 0, 0, 1.0, 0.03507261936925093, 14274.192984459853
362.9322242531859, 2026.7309711737369, 39.45921451422476, 0.19575102507049436, 0, 0, 0, 0, 1.0, 0.03507261936925093, 13856.938942625357
362.9322242531859, 2170.9701383348806, 39.45921451422476, 0.19575102507049436, 0, 0, 0, 0, 1.0, 0.03507261936925093, 13731.753708906364
362.9322242531859, 2212.4055019487096, 39.45921451422476, 0.19575102507049436, 0, 0, 0, 0, 1.0, 0.03507261936925093, 13698.810913033984
