W, K, Scale, Min_effect, empty_1, empty_2, empty_3, Flag_consumption_model, Init_conc_comp, D_comp, Deviation
0.27295796905685454, 4652.107953031407, 4.296580049605929, 0.0014539206998985285, 0, 0, 0, 1, 1.0, 1.6943888883731354e-05, 25770.107175633413
0.03694084405399998, 4652.107953031407, 4.296580049605929, 0.0014539206998985285, 0, 0, 0, 1, 1.0, 1.6943888883731354e-05, 9629.77735842189
0.03694084405399998, 34374.6866432305, 4.296580049605929, 0.0014539206998985285, 0, 0, 0, 1, 1.0, 1.6943888883731354e-05, 4925.1964637410965
0.03694084405399998, 253996.4879899923, 4.296580049605929, 0.0014539206998985285, 0, 0, 0, 1, 1.0, 1.6943888883731354e-05, 4510.483011243354
0.03694084405399998, 253996.4879899923, 4.296580049605929, 0.00019676676972434152, 0, 0, 0, 1, 1.0, 1.6943888883731354e-05, 4501.237174648593
0.03694084405399998, 253996.4879899923, 1.5806234675973971, 0.00019676676972434152, 0, 0, 0, 1, 1.0, 1.6943888883731354e-05, 4252.119912612397
0.03694084405399998, 763047.6194212532, 1.5806234675973971, 0.00019676676972434152, 0, 0, 0, 1, 1.0, 1.6943888883731354e-05, 4238.684066965535
0.03694084405399998, 763047.6194212532, 1.168030934357059, 0.00019676676972434152, 0, 0, 0, 1, 1.0, 1.6943888883731354e-05, 4202.844212057901
0.03732697521317862, 763047.6194212532, 1.168030934357059, 0.00019676676972434152, 0, 0, 0, 1, 1.0, 1.6943888883731354e-05, 4168.745605573663
