W, K, Slope, Min_effect, empty_1, empty_2, empty_3, empty_4, P_comp, D_comp, Deviation
0.12024571247292065, 1377.2838742215943, 0.00016383297384871924, 0.022868524574805718, 0, 0, 0, 0, 1.0, 0.02131468454805487, 13388.294083266042
0.12024571247292065, 1377.2838742215943, 2.217238191931298e-05, 0.022868524574805718, 0, 0, 0, 0, 1.0, 0.02131468454805487, 13315.189334512417
0.12024571247292065, 1377.2838742215943, 3.0007055870805723e-06, 0.022868524574805718, 0, 0, 0, 0, 1.0, 0.02131468454805487, 13069.391360398336
0.12024571247292065, 1377.2838742215943, 3.0007055870805723e-06, 0.00309491825053477, 0, 0, 0, 0, 1.0, 0.02131468454805487, 12876.043408700496
0.12024571247292065, 1377.2838742215943, 3.0007055870805723e-06, 0.00041885163803028494, 0, 0, 0, 0, 1.0, 0.02131468454805487, 12841.106404438688
0.12024571247292065, 3743.845727926233, 3.0007055870805723e-06, 0.00041885163803028494, 0, 0, 0, 0, 1.0, 0.02131468454805487, 12568.186388852562
0.12024571247292065, 3743.845727926233, 9.988481206303921e-07, 0.00041885163803028494, 0, 0, 0, 0, 1.0, 0.02131468454805487, 9806.578191937377
0.12024571247292065, 3743.845727926233, 9.988481206303921e-07, 0.00041885163803028494, 0, 0, 0, 0, 1.0, 0.07147846750582584, 9681.96654859245
0.12024571247292065, 3743.845727926233, 9.988481206303921e-07, 0.00041885163803028494, 0, 0, 0, 0, 1.0, 0.036741108491635, 9621.782394561118
0.12024571247292065, 3743.845727926233, 9.988481206303921e-07, 0.0002014350045667568, 0, 0, 0, 0, 1.0, 0.036741108491635, 9598.84440446035
0.12024571247292065, 3743.845727926233, 9.988481206303921e-07, 9.003619637060058e-05, 0, 0, 0, 0, 1.0, 0.036741108491635, 9587.220186254908
0.07721911293287599, 3743.845727926233, 9.988481206303921e-07, 9.003619637060058e-05, 0, 0, 0, 0, 1.0, 0.036741108491635, 9075.509732025066
0.07721911293287599, 6093.926549795606, 9.988481206303921e-07, 9.003619637060058e-05, 0, 0, 0, 0, 1.0, 0.036741108491635, 7696.998655966509
0.07721911293287599, 6093.926549795606, 9.988481206303921e-07, 9.003619637060058e-05, 0, 0, 0, 0, 1.0, 0.02149884145954949, 7591.548000128823
0.05750681956288276, 6093.926549795606, 9.988481206303921e-07, 9.003619637060058e-05, 0, 0, 0, 0, 1.0, 0.02149884145954949, 7296.4740717650875
0.05750681956288276, 6093.926549795606, 1.3813555010530762e-06, 9.003619637060058e-05, 0, 0, 0, 0, 1.0, 0.02149884145954949, 6249.873464375362
0.05750681956288276, 6093.926549795606, 1.9732952330861426e-06, 9.003619637060058e-05, 0, 0, 0, 0, 1.0, 0.02149884145954949, 5696.252728701218
0.05750681956288276, 6093.926549795606, 1.9732952330861426e-06, 9.003619637060058e-05, 0, 0, 0, 0, 1.0, 0.014522446704043455, 5679.685586581087
0.05750681956288276, 7561.424349910408, 1.9732952330861426e-06, 9.003619637060058e-05, 0, 0, 0, 0, 1.0, 0.014522446704043455, 5619.12954535793
0.05750681956288276, 7561.424349910408, 1.9732952330861426e-06, 9.003619637060058e-05, 0, 0, 0, 0, 1.0, 0.018412672437369035, 5576.196747034915
0.05750681956288276, 7561.424349910408, 1.9732952330861426e-06, 9.003619637060058e-05, 0, 0, 0, 0, 1.0, 0.02390570557818199, 5537.713524316911
0.05750681956288276, 7561.424349910408, 1.9732952330861426e-06, 9.003619637060058e-05, 0, 0, 0, 0, 1.0, 0.031858460075600115, 5526.181345307356
0.053139867327104934, 7561.424349910408, 1.9732952330861426e-06, 9.003619637060058e-05, 0, 0, 0, 0, 1.0, 0.031858460075600115, 5284.002247788093
0.053139867327104934, 7561.424349910408, 2.1523893712036297e-06, 9.003619637060058e-05, 0, 0, 0, 0, 1.0, 0.031858460075600115, 5140.233154210338
0.053139867327104934, 7561.424349910408, 2.368222418477119e-06, 9.003619637060058e-05, 0, 0, 0, 0, 1.0, 0.031858460075600115, 5034.1651626503
0.053139867327104934, 7561.424349910408, 2.630718035008786e-06, 9.003619637060058e-05, 0, 0, 0, 0, 1.0, 0.031858460075600115, 4978.682110489419
0.053139867327104934, 8011.468128247596, 2.630718035008786e-06, 9.003619637060058e-05, 0, 0, 0, 0, 1.0, 0.031858460075600115, 4967.85870096275
0.04986560795025888, 8011.468128247596, 2.630718035008786e-06, 9.003619637060058e-05, 0, 0, 0, 0, 1.0, 0.031858460075600115, 4853.206110903381
0.04986560795025888, 8591.982654448173, 2.630718035008786e-06, 9.003619637060058e-05, 0, 0, 0, 0, 1.0, 0.031858460075600115, 4732.324648184008
0.04986560795025888, 8591.982654448173, 2.8411470531093622e-06, 9.003619637060058e-05, 0, 0, 0, 0, 1.0, 0.031858460075600115, 4669.742010074036
0.04986560795025888, 8591.982654448173, 3.092110918300563e-06, 9.003619637060058e-05, 0, 0, 0, 0, 1.0, 0.031858460075600115, 4636.655133140778
0.048718257499509816, 8591.982654448173, 3.092110918300563e-06, 9.003619637060058e-05, 0, 0, 0, 0, 1.0, 0.031858460075600115, 4613.534155473358
0.048718257499509816, 8814.825116695014, 3.092110918300563e-06, 9.003619637060058e-05, 0, 0, 0, 0, 1.0, 0.031858460075600115, 4577.775058378378
0.048718257499509816, 9066.633073632887, 3.092110918300563e-06, 9.003619637060058e-05, 0, 0, 0, 0, 1.0, 0.031858460075600115, 4553.516331848696
0.048718257499509816, 9351.93789173724, 3.092110918300563e-06, 9.003619637060058e-05, 0, 0, 0, 0, 1.0, 0.031858460075600115, 4545.98386999173
0.048718257499509816, 9351.93789173724, 3.1993090562181163e-06, 9.003619637060058e-05, 0, 0, 0, 0, 1.0, 0.031858460075600115, 4536.604016096622
0.04781356481881608, 9351.93789173724, 3.1993090562181163e-06, 9.003619637060058e-05, 0, 0, 0, 0, 1.0, 0.031858460075600115, 4499.222709791002
0.04781356481881608, 9546.766450398161, 3.1993090562181163e-06, 9.003619637060058e-05, 0, 0, 0, 0, 1.0, 0.031858460075600115, 4486.061537798812
0.04781356481881608, 9546.766450398161, 3.272701142608638e-06, 9.003619637060058e-05, 0, 0, 0, 0, 1.0, 0.031858460075600115, 4475.867978387316
0.04781356481881608, 9546.766450398161, 3.355378490003027e-06, 9.003619637060058e-05, 0, 0, 0, 0, 1.0, 0.031858460075600115, 4467.411505944619
0.04781356481881608, 9546.766450398161, 3.4487379887403422e-06, 9.003619637060058e-05, 0, 0, 0, 0, 1.0, 0.031858460075600115, 4461.325618427329
0.0470972823493098, 9546.766450398161, 3.4487379887403422e-06, 9.003619637060058e-05, 0, 0, 0, 0, 1.0, 0.031858460075600115, 4447.204257358539
0.0470972823493098, 9706.599316576621, 3.4487379887403422e-06, 9.003619637060058e-05, 0, 0, 0, 0, 1.0, 0.031858460075600115, 4432.582823234887
0.0470972823493098, 9885.50789492578, 3.4487379887403422e-06, 9.003619637060058e-05, 0, 0, 0, 0, 1.0, 0.031858460075600115, 4422.424422728294
0.0470972823493098, 9885.50789492578, 3.51872457494472e-06, 9.003619637060058e-05, 0, 0, 0, 0, 1.0, 0.031858460075600115, 4416.28533956022
0.0470972823493098, 9885.50789492578, 3.597351330593614e-06, 9.003619637060058e-05, 0, 0, 0, 0, 1.0, 0.031858460075600115, 4411.5190570030645
0.04652829929795312, 9885.50789492578, 3.597351330593614e-06, 9.003619637060058e-05, 0, 0, 0, 0, 1.0, 0.031858460075600115, 4404.79102109679
0.04652829929795312, 10018.565076148936, 3.597351330593614e-06, 9.003619637060058e-05, 0, 0, 0, 0, 1.0, 0.031858460075600115, 4393.829402463558
0.04652829929795312, 10166.997420334019, 3.597351330593614e-06, 9.003619637060058e-05, 0, 0, 0, 0, 1.0, 0.031858460075600115, 4385.446687327068
0.04652829929795312, 10332.814248222172, 3.597351330593614e-06, 9.003619637060058e-05, 0, 0, 0, 0, 1.0, 0.031858460075600115, 4380.751060260542
0.04611613784275819, 10332.814248222172, 3.597351330593614e-06, 9.003619637060058e-05, 0, 0, 0, 0, 1.0, 0.031858460075600115, 4376.165269732028
0.04611613784275819, 10434.443626027536, 3.597351330593614e-06, 9.003619637060058e-05, 0, 0, 0, 0, 1.0, 0.031858460075600115, 4370.614339022014
