W, K, Slope, Min_effect, empty_1, empty_2, empty_3, empty_4, P_comp, D_comp, Deviation
0.0018409606963741337, 1536.0652937826565, 1.473984775888662e-05, 0.14026219896336264, 0, 0, 0, 0, 1.0, 0.023949351169161637, 16097.610214971857
0.01360296186143491, 1536.0652937826565, 1.473984775888662e-05, 0.14026219896336264, 0, 0, 0, 0, 1.0, 0.023949351169161637, 15333.8037500354
0.10051304830575665, 1536.0652937826565, 1.473984775888662e-05, 0.14026219896336264, 0, 0, 0, 0, 1.0, 0.023949351169161637, 12940.176145947187
0.10051304830575665, 1536.0652937826565, 1.9948214713134717e-06, 0.14026219896336264, 0, 0, 0, 0, 1.0, 0.023949351169161637, 12888.503755000582
0.10051304830575665, 1536.0652937826565, 1.9948214713134717e-06, 0.018982424424096807, 0, 0, 0, 0, 1.0, 0.023949351169161637, 12485.447670796308
0.10051304830575665, 1536.0652937826565, 1.9948214713134717e-06, 0.002568991785952736, 0, 0, 0, 0, 1.0, 0.023949351169161637, 12372.847425617147
0.10051304830575665, 1536.0652937826565, 1.9948214713134717e-06, 0.002568991785952736, 0, 0, 0, 0, 1.0, 0.0032411922238115916, 12350.568072624
0.10051304830575665, 1536.0652937826565, 1.9948214713134717e-06, 0.00034767523098444504, 0, 0, 0, 0, 1.0, 0.0032411922238115916, 12330.710572568578
0.10051304830575665, 4175.458375415999, 1.9948214713134717e-06, 0.00034767523098444504, 0, 0, 0, 0, 1.0, 0.0032411922238115916, 10787.474591252687
0.10051304830575665, 4175.458375415999, 6.640183849403128e-07, 0.00034767523098444504, 0, 0, 0, 0, 1.0, 0.0032411922238115916, 8900.391940374177
0.10051304830575665, 4175.458375415999, 6.640183849403128e-07, 0.00010367580800471918, 0, 0, 0, 0, 1.0, 0.0032411922238115916, 8883.376947504386
0.07206277059017194, 4175.458375415999, 6.640183849403128e-07, 0.00010367580800471918, 0, 0, 0, 0, 1.0, 0.0032411922238115916, 8658.253531149701
0.07206277059017194, 6020.974617400706, 6.640183849403128e-07, 0.00010367580800471918, 0, 0, 0, 0, 1.0, 0.0032411922238115916, 7588.79629131442
0.07206277059017194, 6020.974617400706, 9.932052477074662e-07, 0.00010367580800471918, 0, 0, 0, 0, 1.0, 0.0032411922238115916, 7090.988458123225
0.07206277059017194, 6020.974617400706, 9.932052477074662e-07, 0.00010367580800471918, 0, 0, 0, 0, 1.0, 0.005047189140241775, 7081.228065520643
0.05648346358826472, 6020.974617400706, 9.932052477074662e-07, 0.00010367580800471918, 0, 0, 0, 0, 1.0, 0.005047189140241775, 6712.053488680569
0.05648346358826472, 6020.974617400706, 1.2983973023247366e-06, 0.00010367580800471918, 0, 0, 0, 0, 1.0, 0.005047189140241775, 6048.866730767848
0.05648346358826472, 8084.85536986873, 1.2983973023247366e-06, 0.00010367580800471918, 0, 0, 0, 0, 1.0, 0.005047189140241775, 5665.196967352657
0.05648346358826472, 8084.85536986873, 1.2983973023247366e-06, 0.00010367580800471918, 0, 0, 0, 0, 1.0, 0.0036495857752427453, 5655.343957648
0.05648346358826472, 8084.85536986873, 1.2983973023247366e-06, 0.00010367580800471918, 0, 0, 0, 0, 1.0, 0.002554800367764607, 5649.153027144433
0.05648346358826472, 8084.85536986873, 1.5797750019496806e-06, 0.00010367580800471918, 0, 0, 0, 0, 1.0, 0.002554800367764607, 5614.23989342515
0.05648346358826472, 6515.771699849696, 1.5797750019496806e-06, 0.00010367580800471918, 0, 0, 0, 0, 1.0, 0.002554800367764607, 5520.688009659017
0.05648346358826472, 7336.761085735663, 1.5797750019496806e-06, 0.00010367580800471918, 0, 0, 0, 0, 1.0, 0.002554800367764607, 5421.297384860319
0.052914553413400074, 7336.761085735663, 1.5797750019496806e-06, 0.00010367580800471918, 0, 0, 0, 0, 1.0, 0.002554800367764607, 5187.695261741089
0.052914553413400074, 7882.88480734573, 1.5797750019496806e-06, 0.00010367580800471918, 0, 0, 0, 0, 1.0, 0.002554800367764607, 5094.054925255614
0.052914553413400074, 7882.88480734573, 1.7095984720446321e-06, 0.00010367580800471918, 0, 0, 0, 0, 1.0, 0.002554800367764607, 5034.071349842095
0.052914553413400074, 7882.88480734573, 1.864759777734788e-06, 0.00010367580800471918, 0, 0, 0, 0, 1.0, 0.002554800367764607, 5006.401698596258
0.05044571831867323, 7882.88480734573, 1.864759777734788e-06, 0.00010367580800471918, 0, 0, 0, 0, 1.0, 0.002554800367764607, 4891.557467505788
0.05044571831867323, 8308.279290720502, 1.864759777734788e-06, 0.00010367580800471918, 0, 0, 0, 0, 1.0, 0.002554800367764607, 4811.753527808944
0.05044571831867323, 8308.279290720502, 1.9757472712581376e-06, 0.00010367580800471918, 0, 0, 0, 0, 1.0, 0.002554800367764607, 4775.411467013929
0.05044571831867323, 8308.279290720502, 2.105478147810328e-06, 0.00010367580800471918, 0, 0, 0, 0, 1.0, 0.002554800367764607, 4753.902621480368
0.04871174295798532, 8308.279290720502, 2.105478147810328e-06, 0.00010367580800471918, 0, 0, 0, 0, 1.0, 0.002554800367764607, 4735.8340261854855
0.04871174295798532, 8634.17392213635, 2.105478147810328e-06, 0.00010367580800471918, 0, 0, 0, 0, 1.0, 0.002554800367764607, 4665.285188334693
0.04871174295798532, 9007.441877017927, 2.105478147810328e-06, 0.00010367580800471918, 0, 0, 0, 0, 1.0, 0.002554800367764607, 4619.667669462294
0.04871174295798532, 9007.441877017927, 2.2058170115350573e-06, 0.00010367580800471918, 0, 0, 0, 0, 1.0, 0.002554800367764607, 4598.3951294190465
0.04871174295798532, 9007.441877017927, 2.3217213734181747e-06, 0.00010367580800471918, 0, 0, 0, 0, 1.0, 0.002554800367764607, 4585.884348139949
0.04735886980501693, 9007.441877017927, 2.3217213734181747e-06, 0.00010367580800471918, 0, 0, 0, 0, 1.0, 0.002554800367764607, 4576.435699371775
0.04735886980501693, 9290.884092605285, 2.3217213734181747e-06, 0.00010367580800471918, 0, 0, 0, 0, 1.0, 0.002554800367764607, 4530.247256009042
0.04735886980501693, 9612.982976070465, 2.3217213734181747e-06, 0.00010367580800471918, 0, 0, 0, 0, 1.0, 0.002554800367764607, 4499.161740636792
0.04735886980501693, 9612.982976070465, 2.4104123490113236e-06, 0.00010367580800471918, 0, 0, 0, 0, 1.0, 0.002554800367764607, 4485.424820483743
0.04735886980501693, 9612.982976070465, 2.511890551131649e-06, 0.00010367580800471918, 0, 0, 0, 0, 1.0, 0.002554800367764607, 4476.7684563995435
0.046824834736835554, 9612.982976070465, 2.511890551131649e-06, 0.00010367580800471918, 0, 0, 0, 0, 1.0, 0.002554800367764607, 4466.350240488721
0.046824834736835554, 9733.650700876546, 2.511890551131649e-06, 0.00010367580800471918, 0, 0, 0, 0, 1.0, 0.002554800367764607, 4455.244702265671
0.046824834736835554, 9868.135396343543, 2.511890551131649e-06, 0.00010367580800471918, 0, 0, 0, 0, 1.0, 0.002554800367764607, 4446.248481013039
0.046824834736835554, 10018.21565657365, 2.511890551131649e-06, 0.00010367580800471918, 0, 0, 0, 0, 1.0, 0.002554800367764607, 4440.319561970743
0.04643771599091845, 10018.21565657365, 2.511890551131649e-06, 0.00010367580800471918, 0, 0, 0, 0, 1.0, 0.002554800367764607, 4432.277938852415
0.04643771599091845, 10110.120192100718, 2.511890551131649e-06, 0.00010367580800471918, 0, 0, 0, 0, 1.0, 0.002554800367764607, 4426.528453389593
0.04643771599091845, 10212.189268763199, 2.511890551131649e-06, 0.00010367580800471918, 0, 0, 0, 0, 1.0, 0.002554800367764607, 4421.894638490316
