W, K, Conc_treshold, Slope, empty_1, empty_2, empty_3, empty_4, P_comp, D_comp, Deviation
0.03747587998572662, 2435.987101322104, 3.7366459068087282e-06, 0.00018281773491857797, 0, 0, 0, 0, 1.0, 2.6251185727600257, 16284.153905621142
0.03747587998572662, 2435.987101322104, 2.7610286227249284e-05, 0.00018281773491857797, 0, 0, 0, 0, 1.0, 2.6251185727600257, 15972.3326474253
0.2769113795713264, 2435.987101322104, 2.7610286227249284e-05, 0.00018281773491857797, 0, 0, 0, 0, 1.0, 2.6251185727600257, 14382.336761775541
2.0461137180848095, 2435.987101322104, 2.7610286227249284e-05, 0.00018281773491857797, 0, 0, 0, 0, 1.0, 2.6251185727600257, 14290.948015540676
2.0461137180848095, 2435.987101322104, 2.7610286227249284e-05, 0.0013508504991928056, 0, 0, 0, 0, 1.0, 2.6251185727600257, 14249.061027519145
2.0461137180848095, 2435.987101322104, 2.7610286227249284e-05, 0.009981510119804114, 0, 0, 0, 0, 1.0, 2.6251185727600257, 14233.056991935226
5.561913738830711, 2435.987101322104, 2.7610286227249284e-05, 0.009981510119804114, 0, 0, 0, 0, 1.0, 2.6251185727600257, 13572.492568816455
5.561913738830711, 2795.0557557829457, 2.7610286227249284e-05, 0.009981510119804114, 0, 0, 0, 0, 1.0, 2.6251185727600257, 13375.121499565405
5.561913738830711, 2902.767391254303, 2.7610286227249284e-05, 0.009981510119804114, 0, 0, 0, 0, 1.0, 2.6251185727600257, 13338.10939260619
