W, K, Conc_treshold, Slope, empty_1, empty_2, empty_3, empty_4, P_comp, D_comp, Deviation
0.0059957367671385, 1953.8382956007858, 0.00432447078669927, 0.0025642247684013074, 0, 0, 0, 0, 1.0, 1.4114338885239273, 17047.348845227352
0.0059957367671385, 1953.8382956007858, 0.0005852534787664031, 0.0025642247684013074, 0, 0, 0, 0, 1.0, 1.4114338885239273, 16940.749219177622
0.0059957367671385, 1953.8382956007858, 7.920544531406406e-05, 0.0025642247684013074, 0, 0, 0, 0, 1.0, 1.4114338885239273, 16583.766067940447
0.044302835326807476, 1953.8382956007858, 7.920544531406406e-05, 0.0025642247684013074, 0, 0, 0, 0, 1.0, 1.4114338885239273, 16094.557553872786
0.32735613557146703, 1953.8382956007858, 7.920544531406406e-05, 0.0025642247684013074, 0, 0, 0, 0, 1.0, 1.4114338885239273, 14756.548367069016
2.4188528500667172, 1953.8382956007858, 7.920544531406406e-05, 0.0025642247684013074, 0, 0, 0, 0, 1.0, 1.4114338885239273, 14513.393643728066
17.873039404201265, 1953.8382956007858, 7.920544531406406e-05, 0.0025642247684013074, 0, 0, 0, 0, 1.0, 1.4114338885239273, 14213.78271985299
132.06489081604118, 1953.8382956007858, 7.920544531406406e-05, 0.0025642247684013074, 0, 0, 0, 0, 1.0, 1.4114338885239273, 13963.382925221755
975.8348869388795, 1953.8382956007858, 7.920544531406406e-05, 0.0025642247684013074, 0, 0, 0, 0, 1.0, 1.4114338885239273, 13924.590284458594
