W, K, Conc_treshold, Slope, empty_1, empty_2, empty_3, empty_4, P_comp, D_comp, Deviation
0.28565227687963834, 1804.9689643468985, 1.1618804638705978e-06, 0.11767731189015804, 0, 0, 0, 0, 1.0, 0.27415186905599226, 15211.785575119575
0.28565227687963834, 1804.9689643468985, 1.1618804638705978e-06, 0.01592589233517775, 0, 0, 0, 0, 1.0, 0.27415186905599226, 14755.905426919458
2.1107006986509185, 1804.9689643468985, 1.1618804638705978e-06, 0.01592589233517775, 0, 0, 0, 0, 1.0, 0.27415186905599226, 14622.600026694965
15.596085870383755, 1804.9689643468985, 1.1618804638705978e-06, 0.01592589233517775, 0, 0, 0, 0, 1.0, 0.27415186905599226, 14411.877855609066
15.596085870383755, 1804.9689643468985, 8.585199927791414e-06, 0.01592589233517775, 0, 0, 0, 0, 1.0, 0.27415186905599226, 14296.503332436014
115.24035342000522, 1804.9689643468985, 8.585199927791414e-06, 0.01592589233517775, 0, 0, 0, 0, 1.0, 0.27415186905599226, 14246.824817810955
115.24035342000522, 2045.2977897833196, 8.585199927791414e-06, 0.01592589233517775, 0, 0, 0, 0, 1.0, 0.27415186905599226, 13834.207859745049
115.24035342000522, 2190.858327413049, 8.585199927791414e-06, 0.01592589233517775, 0, 0, 0, 0, 1.0, 0.27415186905599226, 13709.693138694773
115.24035342000522, 2211.666983495268, 8.585199927791414e-06, 0.01592589233517775, 0, 0, 0, 0, 1.0, 0.27415186905599226, 13693.113659466395
