W, K, Max_effect, TransitionWidth, TransitionConc, empty_2, empty_3, empty_4, P_comp, D_comp, Deviation
0.0630639179645064, 1191.2803061905872, 0.00038496444254016967, 4707.055663360083, 2.618334418496133, 0, 0, 0, 1.0, 0.5655803678799944, 16302.2803538741
0.008534773199736981, 1191.2803061905872, 0.00038496444254016967, 4707.055663360083, 2.618334418496133, 0, 0, 0, 1.0, 0.5655803678799944, 16025.173422705946
0.008534773199736981, 8802.437011993532, 0.00038496444254016967, 4707.055663360083, 2.618334418496133, 0, 0, 0, 1.0, 0.5655803678799944, 16004.379655557223
0.008534773199736981, 8802.437011993532, 0.0028445238620228787, 4707.055663360083, 2.618334418496133, 0, 0, 0, 1.0, 0.5655803678799944, 15978.919083034823
0.008534773199736981, 8802.437011993532, 0.02101834639123392, 4707.055663360083, 2.618334418496133, 0, 0, 0, 1.0, 0.5655803678799944, 15827.701152494616
0.0630639179645064, 8802.437011993532, 0.02101834639123392, 4707.055663360083, 2.618334418496133, 0, 0, 0, 1.0, 0.5655803678799944, 12753.393260965397
0.0630639179645064, 8802.437011993532, 0.15530574059158403, 4707.055663360083, 2.618334418496133, 0, 0, 0, 1.0, 0.5655803678799944, 10819.71807175902
0.0630639179645064, 8802.437011993532, 0.15530574059158403, 34780.69835735688, 2.618334418496133, 0, 0, 0, 1.0, 0.5655803678799944, 9922.252857236916
0.0630639179645064, 8802.437011993532, 0.15530574059158403, 256996.5313224951, 2.618334418496133, 0, 0, 0, 1.0, 0.5655803678799944, 9701.869518476782
0.0630639179645064, 8802.437011993532, 0.15530574059158403, 1898961.7871725045, 2.618334418496133, 0, 0, 0, 1.0, 0.5655803678799944, 9669.20845177389
0.0630639179645064, 8802.437011993532, 0.05713378905954892, 1898961.7871725045, 2.618334418496133, 0, 0, 0, 1.0, 0.5655803678799944, 9042.564265149122
0.0630639179645064, 8802.437011993532, 0.05713378905954892, 632109.4679973534, 2.618334418496133, 0, 0, 0, 1.0, 0.5655803678799944, 9024.72394988553
0.0630639179645064, 8802.437011993532, 0.05713378905954892, 188493.3236586842, 2.618334418496133, 0, 0, 0, 1.0, 0.5655803678799944, 8964.333940222758
0.0630639179645064, 8802.437011993532, 0.05713378905954892, 49802.37073432793, 2.618334418496133, 0, 0, 0, 1.0, 0.5655803678799944, 8760.928453401508
0.0630639179645064, 8802.437011993532, 0.05713378905954892, 11518.593870950393, 2.618334418496133, 0, 0, 0, 1.0, 0.5655803678799944, 8320.332066186818
0.0630639179645064, 8802.437011993532, 0.05713378905954892, 11518.593870950393, 2.618334418496133, 0, 0, 0, 1.0, 0.11299486822299969, 8205.709955638456
0.0630639179645064, 5652.728598258573, 0.05713378905954892, 11518.593870950393, 2.618334418496133, 0, 0, 0, 1.0, 0.11299486822299969, 7155.974016129233
0.0630639179645064, 5652.728598258573, 0.05713378905954892, 7076.527441395126, 2.618334418496133, 0, 0, 0, 1.0, 0.11299486822299969, 7079.893445411434
0.055156493555914475, 5652.728598258573, 0.05713378905954892, 7076.527441395126, 2.618334418496133, 0, 0, 0, 1.0, 0.11299486822299969, 6935.731639470005
0.055156493555914475, 6550.295066897618, 0.05713378905954892, 7076.527441395126, 2.618334418496133, 0, 0, 0, 1.0, 0.11299486822299969, 6438.2596258772455
0.055156493555914475, 7703.070385707992, 0.05713378905954892, 7076.527441395126, 2.618334418496133, 0, 0, 0, 1.0, 0.11299486822299969, 6190.214756969144
0.055156493555914475, 7703.070385707992, 0.06828673207122683, 7076.527441395126, 2.618334418496133, 0, 0, 0, 1.0, 0.11299486822299969, 6036.510572563285
0.050003779647943634, 7703.070385707992, 0.06828673207122683, 7076.527441395126, 2.618334418496133, 0, 0, 0, 1.0, 0.11299486822299969, 5867.399320309849
0.050003779647943634, 8580.588288304625, 0.06828673207122683, 7076.527441395126, 2.618334418496133, 0, 0, 0, 1.0, 0.11299486822299969, 5662.244009321786
0.050003779647943634, 8580.588288304625, 0.07689088286254589, 7076.527441395126, 2.618334418496133, 0, 0, 0, 1.0, 0.11299486822299969, 5505.005751966376
0.050003779647943634, 8580.588288304625, 0.08761273082388006, 7076.527441395126, 2.618334418496133, 0, 0, 0, 1.0, 0.11299486822299969, 5433.029575413706
0.04824057003881333, 8580.588288304625, 0.08761273082388006, 7076.527441395126, 2.618334418496133, 0, 0, 0, 1.0, 0.11299486822299969, 5388.747321695521
0.04824057003881333, 8926.197794445641, 0.08761273082388006, 7076.527441395126, 2.618334418496133, 0, 0, 0, 1.0, 0.11299486822299969, 5329.413793990427
0.04824057003881333, 9322.467802584866, 0.08761273082388006, 7076.527441395126, 2.618334418496133, 0, 0, 0, 1.0, 0.11299486822299969, 5289.530739323742
0.04824057003881333, 9322.467802584866, 0.0919005354545217, 7076.527441395126, 2.618334418496133, 0, 0, 0, 1.0, 0.11299486822299969, 5265.567701743348
0.04824057003881333, 9322.467802584866, 0.096859884951182, 7076.527441395126, 2.618334418496133, 0, 0, 0, 1.0, 0.11299486822299969, 5251.219062534707
0.046866031722346636, 9322.467802584866, 0.096859884951182, 7076.527441395126, 2.618334418496133, 0, 0, 0, 1.0, 0.11299486822299969, 5224.287696237423
0.046866031722346636, 9623.666530711705, 0.096859884951182, 7076.527441395126, 2.618334418496133, 0, 0, 0, 1.0, 0.11299486822299969, 5184.029938400763
0.046866031722346636, 9966.236917858887, 0.096859884951182, 7076.527441395126, 2.618334418496133, 0, 0, 0, 1.0, 0.11299486822299969, 5155.239463780495
0.046866031722346636, 10357.16541138898, 0.096859884951182, 7076.527441395126, 2.618334418496133, 0, 0, 0, 1.0, 0.11299486822299969, 5143.122207326855
0.046866031722346636, 10357.16541138898, 0.1010472793089791, 7076.527441395126, 2.618334418496133, 0, 0, 0, 1.0, 0.11299486822299969, 5130.411165019612
0.046866031722346636, 10357.16541138898, 0.10586279791166928, 7076.527441395126, 2.618334418496133, 0, 0, 0, 1.0, 0.11299486822299969, 5124.277585205352
0.04568123885731678, 10357.16541138898, 0.10586279791166928, 7076.527441395126, 2.618334418496133, 0, 0, 0, 1.0, 0.11299486822299969, 5078.7742859495975
0.04568123885731678, 10653.032502044012, 0.10586279791166928, 7076.527441395126, 2.618334418496133, 0, 0, 0, 1.0, 0.11299486822299969, 5056.747607135764
0.04568123885731678, 10988.257438971737, 0.10586279791166928, 7076.527441395126, 2.618334418496133, 0, 0, 0, 1.0, 0.11299486822299969, 5043.974196671317
0.04568123885731678, 10988.257438971737, 0.10953287803192262, 7076.527441395126, 2.618334418496133, 0, 0, 0, 1.0, 0.11299486822299969, 5033.811840890217
0.04568123885731678, 10988.257438971737, 0.11371709148811104, 7076.527441395126, 2.618334418496133, 0, 0, 0, 1.0, 0.11299486822299969, 5027.025177079979
0.04474898499202556, 10988.257438971737, 0.11371709148811104, 7076.527441395126, 2.618334418496133, 0, 0, 0, 1.0, 0.11299486822299969, 5014.813624093415
0.04474898499202556, 11240.327847010281, 0.11371709148811104, 7076.527441395126, 2.618334418496133, 0, 0, 0, 1.0, 0.11299486822299969, 4995.670057649294
0.04474898499202556, 11524.289152897607, 0.11371709148811104, 7076.527441395126, 2.618334418496133, 0, 0, 0, 1.0, 0.11299486822299969, 4981.277675231762
0.04474898499202556, 11844.939077138322, 0.11371709148811104, 7076.527441395126, 2.618334418496133, 0, 0, 0, 1.0, 0.11299486822299969, 4973.640364312438
0.04474898499202556, 11844.939077138322, 0.11720234376736094, 7076.527441395126, 2.618334418496133, 0, 0, 0, 1.0, 0.11299486822299969, 4965.83907312407
0.04474898499202556, 11844.939077138322, 0.12115962075042164, 7076.527441395126, 2.618334418496133, 0, 0, 0, 1.0, 0.11299486822299969, 4960.270657099033
0.04393911488999462, 11844.939077138322, 0.12115962075042164, 7076.527441395126, 2.618334418496133, 0, 0, 0, 1.0, 0.11299486822299969, 4953.712410784395
0.04393911488999462, 12085.313049447692, 0.12115962075042164, 7076.527441395126, 2.618334418496133, 0, 0, 0, 1.0, 0.11299486822299969, 4939.259298421528
0.04393911488999462, 12355.362306171413, 0.12115962075042164, 7076.527441395126, 2.618334418496133, 0, 0, 0, 1.0, 0.11299486822299969, 4928.082974248438
0.04393911488999462, 12659.391289241627, 0.12115962075042164, 7076.527441395126, 2.618334418496133, 0, 0, 0, 1.0, 0.11299486822299969, 4921.553170992686
0.04393911488999462, 12659.391289241627, 0.12444314482370629, 7076.527441395126, 2.618334418496133, 0, 0, 0, 1.0, 0.11299486822299969, 4914.761155538261
0.04393911488999462, 12659.391289241627, 0.1281578926142071, 7076.527441395126, 2.618334418496133, 0, 0, 0, 1.0, 0.11299486822299969, 4909.3974369715825
0.043585130415699065, 12659.391289241627, 0.1281578926142071, 7076.527441395126, 2.618334418496133, 0, 0, 0, 1.0, 0.11299486822299969, 4902.415645371939
