W, K, Max_effect, TransitionWidth, TransitionConc, empty_2, empty_3, empty_4, P_comp, D_comp, Deviation
0.11582556800914845, 5572.357917231782, 0.00037476880763106753, 1.4334308324501979, 1.0885935493633359, 0, 0, 0, 1.0, 0.6375248209872306, 19924.34162629623
0.01567528605255965, 5572.357917231782, 0.00037476880763106753, 1.4334308324501979, 1.0885935493633359, 0, 0, 0, 1.0, 0.6375248209872306, 16053.915497020715
0.01567528605255965, 5572.357917231782, 0.0027691877437153074, 1.4334308324501979, 1.0885935493633359, 0, 0, 0, 1.0, 0.6375248209872306, 15946.422897697286
0.01567528605255965, 5572.357917231782, 0.0204616835867836, 1.4334308324501979, 1.0885935493633359, 0, 0, 0, 1.0, 0.6375248209872306, 15329.608990872804
0.11582556800914845, 5572.357917231782, 0.0204616835867836, 1.4334308324501979, 1.0885935493633359, 0, 0, 0, 1.0, 0.6375248209872306, 12639.515090054081
0.11582556800914845, 2049.95591659849, 0.0204616835867836, 1.4334308324501979, 1.0885935493633359, 0, 0, 0, 1.0, 0.6375248209872306, 12274.734604038233
0.11582556800914845, 2049.95591659849, 0.06147029462415768, 1.4334308324501979, 1.0885935493633359, 0, 0, 0, 1.0, 0.6375248209872306, 12063.277136885305
0.06324938064081441, 2049.95591659849, 0.06147029462415768, 1.4334308324501979, 1.0885935493633359, 0, 0, 0, 1.0, 0.6375248209872306, 11376.79416388817
0.06324938064081441, 3988.113407256648, 0.06147029462415768, 1.4334308324501979, 1.0885935493633359, 0, 0, 0, 1.0, 0.6375248209872306, 8396.785999348967
0.06324938064081441, 5750.824804717489, 0.06147029462415768, 1.4334308324501979, 1.0885935493633359, 0, 0, 0, 1.0, 0.6375248209872306, 7373.243459310603
0.05171622620251843, 5750.824804717489, 0.06147029462415768, 1.4334308324501979, 1.0885935493633359, 0, 0, 0, 1.0, 0.6375248209872306, 6908.535239868665
0.05171622620251843, 7176.332178013522, 0.06147029462415768, 1.4334308324501979, 1.0885935493633359, 0, 0, 0, 1.0, 0.6375248209872306, 6144.127713975369
0.05171622620251843, 9155.71295685384, 0.06147029462415768, 1.4334308324501979, 1.0885935493633359, 0, 0, 0, 1.0, 0.6375248209872306, 5943.039566177762
0.05171622620251843, 9155.71295685384, 0.07028288724521779, 1.4334308324501979, 1.0885935493633359, 0, 0, 0, 1.0, 0.6375248209872306, 5912.558395704861
0.05171622620251843, 7901.1342145792205, 0.07028288724521779, 1.4334308324501979, 1.0885935493633359, 0, 0, 0, 1.0, 0.6375248209872306, 5858.980581718656
0.05171622620251843, 7901.1342145792205, 0.08265185336408193, 1.4334308324501979, 1.0885935493633359, 0, 0, 0, 1.0, 0.6375248209872306, 5852.135612135827
0.04730479612048984, 7901.1342145792205, 0.08265185336408193, 1.4334308324501979, 1.0885935493633359, 0, 0, 0, 1.0, 0.6375248209872306, 5797.059085355964
0.04730479612048984, 8715.318351115406, 0.08265185336408193, 1.4334308324501979, 1.0885935493633359, 0, 0, 0, 1.0, 0.6375248209872306, 5550.9195860697855
0.04730479612048984, 9708.149455725626, 0.08265185336408193, 1.4334308324501979, 1.0885935493633359, 0, 0, 0, 1.0, 0.6375248209872306, 5400.61107649578
0.04730479612048984, 9708.149455725626, 0.0930660141820983, 1.4334308324501979, 1.0885935493633359, 0, 0, 0, 1.0, 0.6375248209872306, 5353.051664912029
0.04730479612048984, 9708.149455725626, 0.09934300649371583, 1.4334308324501979, 1.0885935493633359, 0, 0, 0, 1.0, 0.6375248209872306, 5346.014432032398
0.04563675679096633, 9708.149455725626, 0.09934300649371583, 1.4334308324501979, 1.0885935493633359, 0, 0, 0, 1.0, 0.6375248209872306, 5320.670599854472
0.04563675679096633, 10099.174945610706, 0.09934300649371583, 1.4334308324501979, 1.0885935493633359, 0, 0, 0, 1.0, 0.6375248209872306, 5264.07282907674
0.04563675679096633, 10547.518151761356, 0.09934300649371583, 1.4334308324501979, 1.0885935493633359, 0, 0, 0, 1.0, 0.6375248209872306, 5221.818098685242
0.04563675679096633, 11063.718214784301, 0.09934300649371583, 1.4334308324501979, 1.0885935493633359, 0, 0, 0, 1.0, 0.6375248209872306, 5200.701770532827
0.04563675679096633, 11063.718214784301, 0.10470398384618336, 1.4334308324501979, 1.0885935493633359, 0, 0, 0, 1.0, 0.6375248209872306, 5189.743819974223
0.044336409991623284, 11063.718214784301, 0.10470398384618336, 1.4334308324501979, 1.0885935493633359, 0, 0, 0, 1.0, 0.6375248209872306, 5183.274064458449
0.044336409991623284, 11421.174837345421, 0.10470398384618336, 1.4334308324501979, 1.0885935493633359, 0, 0, 0, 1.0, 0.6375248209872306, 5148.963817612304
0.044336409991623284, 11827.730516848555, 0.10470398384618336, 1.4334308324501979, 1.0885935493633359, 0, 0, 0, 1.0, 0.6375248209872306, 5122.5641415621585
0.044336409991623284, 12291.67662920175, 0.10470398384618336, 1.4334308324501979, 1.0885935493633359, 0, 0, 0, 1.0, 0.6375248209872306, 5107.552974212374
0.044336409991623284, 12291.67662920175, 0.10923049006098386, 1.4334308324501979, 1.0885935493633359, 0, 0, 0, 1.0, 0.6375248209872306, 5093.6300840923095
0.044336409991623284, 12291.67662920175, 0.11443598852137528, 1.4334308324501979, 1.0885935493633359, 0, 0, 0, 1.0, 0.6375248209872306, 5083.193190879397
0.044336409991623284, 12291.67662920175, 0.12044901233825275, 1.4334308324501979, 1.0885935493633359, 0, 0, 0, 1.0, 0.6375248209872306, 5076.783194931337
0.04371639633392288, 12291.67662920175, 0.12044901233825275, 1.4334308324501979, 1.0885935493633359, 0, 0, 0, 1.0, 0.6375248209872306, 5052.398838637797
0.04371639633392288, 12483.573227080366, 0.12044901233825275, 1.4334308324501979, 1.0885935493633359, 0, 0, 0, 1.0, 0.6375248209872306, 5044.99301340399
0.04371639633392288, 12698.12151267043, 0.12044901233825275, 1.4334308324501979, 1.0885935493633359, 0, 0, 0, 1.0, 0.6375248209872306, 5039.490085803415
